573 3602 468 3617 3587 513 3662 528 558 3527 483 3512 3482 393 3571 408 437 3541 333 3556 3466 378 3616 363 287 3526 303 3511 3555 228 3570 213
4004 2736 4019 2615 2721 4139 2706 4049 4064 2691 4079 2571 2661 4169 2646 4138 4229 2631 4214 2586 2722 4184 2707 4259 4349 2752 4334 2647 2692 4274 2677 4379
125 3885 200 3870 3960 170 3900 155 260 3945 305 3930 4036 290 4006 275 335 3961 440 3976 3901 410 3946 395 469 3887 500 3872 3812 545 3977 560
1373 4522 1478 4507 4567 1418 4492 1433 1388 4432 1448 4417 4461 1372 4357 1357 1342 4387 1432 4402 4311 1387 4327 1402 1312 4237 1462 4252 4281 1371 4177 1356
1907 3505 1952 3490 3460 1922 3340 1937 2042 3430 1997 3445 3415 2012 3280 2027 2102 3370 2041 3385 3341 2086 3220 2071 2162 3281 2101 3296 3326 2146 3266 2131
2312 3507 2327 3387 3432 2252 3447 2342 2282 3416 2297 3342 3371 2207 3386 2221 2266 3327 2251 3221 3252 2311 3267 2296 2341 3222 2356 3162 3102 2371 3117 2265
947 3439 857 3424 3289 917 3349 902 886 3319 826 3304 3259 841 3228 856 916 3154 766 3169 3094 825 3124 810 855 3048 780 3033 3018 750 3063 765
3551 2208 3566 2237 2283 3596 2298 3537 3672 2238 3687 2313 2253 3746 2268 3642 3717 2209 3702 2359 2299 3761 2284 3792 3867 2224 3852 2314 2254 3882 2269 3837
3118 2566 3103 2430 2536 3193 2521 3178 3268 2506 3253 2476 2431 3283 2446 3313 3343 2522 3358 2387 2477 3448 2462 3417 3493 2492 3508 2417 2432 3478 2447 3523
4714 910 4729 864 834 4759 819 4653 4818 760 4803 789 865 4848 850 4789 4924 820 4939 895 911 4969 926 4894 5059 866 5044 941 881 5104 896 4999
5406 1303 5421 1183 1258 5376 1243 5451 5316 1288 5331 1213 1197 5271 1182 5345 5286 1257 5301 1152 1212 5241 1227 5195 5151 1272 5136 1137 1196 5091 1181 5180
600 3092 615 3047 3123 571 3138 675 645 3197 630 3108 3168 661 3153 721 706 3288 691 3258 3303 737 3318 631 601 3348 616 3212 3287 572 3272 511
1020 3049 1035 3065 3140 975 3125 1050 990 3184 1005 3095 3155 946 3170 1081 1036 3214 1021 3245 3305 1006 3320 1066 1097 3335 1082 3290 3425 1067 3440 1112
2201 4916 2080 4901 5006 2171 4976 2186 2141 5051 2126 5066 5126 2096 5081 2081 2022 5141 2172 5156 5215 2112 5246 2127 2067 5306 2157 5291 5321 2082 5276 2097
1003 5524 884 5539 5510 1049 5569 1034 1109 5585 1019 5600 5540 1064 5615 1079 1139 5555 1169 5570 5496 1214 5661 1229 1274 5586 1244 5601 5556 1319 5526 1304
5398 2503 5383 2668 2578 5353 2563 5339 5294 2622 5309 2713 2682 5249 2697 5264 5144 2727 5159 2652 2636 5084 2621 5188 5129 2696 5114 2606 2666 5069 2651 5023
3441 1307 3426 1232 1262 3276 1277 3351 3306 1231 3321 1171 1216 3246 1201 3215 3171 1261 3156 1111 1170 3096 1185 3200 3141 1245 3126 1155 1200 3081 1215 3050
479 5642 464 5597 5566 449 5551 509 359 5611 344 5536 5596 284 5581 374 329 5550 314 5491 5535 179 5520 239 209 5580 194 5430 5505 149 5490 103
969 4684 984 4760 4669 909 4654 1014 1044 4624 1029 4685 4595 968 4610 1104 1013 4565 998 4535 4520 1043 4505 1073 1088 4415 1103 4445 4355 997 4370 1133
3470 1113 3455 1007 1083 3575 1098 3500 3530 1053 3515 948 1023 3620 1038 3589 3665 1008 3680 963 1099 3650 1084 3710 3785 1129 3800 1024 1069 3725 1054 3815
1160 3965 1145 4026 3935 1100 3950 1205 1115 3905 1130 3891 3846 1144 3861 1280 1189 3755 1174 3831 3801 1204 3786 1249 1264 3696 1279 3756 3636 1188 3651 1309
2403 3582 2478 3597 3732 2448 3643 2433 2389 3718 2524 3703 3762 2464 3808 2479 2419 3868 2494 3853 3898 2525 3823 2540 2465 3973 2570 3988 4033 2495 3928 2510
4203 606 4218 636 666 4112 681 4158 4068 576 4053 741 605 3992 620 4023 3947 530 3932 635 680 3902 665 3963 3888 634 3873 695 740 3813 725 3903
4331 2077 4346 2212 2137 4391 2152 4271 4256 2107 4241 2182 2091 4270 2076 4196 4226 2061 4211 2136 2121 4120 2106 4151 4061 2016 4076 2181 2090 4046 2075 4016
3113 1666 3098 1530 1621 3218 1636 3143 3173 1591 3158 1486 1561 3248 1576 3232 3323 1531 3308 1501 1622 3293 1637 3338 3428 1652 3443 1562 1607 3413 1592 3488
4713 714 4728 639 669 4698 684 4652 4593 729 4608 579 653 4548 638 4637 4578 713 4563 623 683 4518 668 4487 4428 728 4413 578 652 4368 637 4398
516 4097 531 4172 4142 546 4157 456 486 4052 501 4202 4126 396 4111 426 336 4081 351 4186 4141 381 4156 276 321 4051 306 4216 4110 231 4125 246
2493 3553 2508 3628 3598 2658 3583 2583 2613 3674 2628 3748 3719 2719 3704 2554 2659 3809 2644 3763 3854 2674 3869 2614 2705 3824 2720 3899 3974 2735 3989 2660
5668 2429 5592 2414 2444 5577 2339 5562 5608 2474 5547 2489 2534 5518 2384 5503 5458 2443 5473 2458 2488 5397 2428 5382 5367 2323 5457 2338 2353 5427 2308 5412
2381 4917 2260 4902 5022 2351 4977 2366 2321 5052 2291 5067 5082 2261 5127 2276 2367 5157 2217 5142 5232 2307 5216 2292 2322 5292 2247 5307 5262 2277 5337 2262
1699 3818 1684 3864 3758 1594 3773 1759 1654 3728 1669 3699 3684 1683 3669 1819 1728 3578 1713 3654 3609 1758 3624 1773 1803 3534 1818 3579 3474 1712 3459 1833
4912 1360 4897 1481 1451 4972 1466 4987 5062 1391 5047 1421 1361 5107 1376 5077 5137 1302 5152 1452 1407 5196 1392 5227 5287 1332 5302 1422 1377 5317 1362 5272
808 5509 793 5373 5479 838 5464 853 898 5449 883 5329 5404 973 5419 928 958 5374 943 5359 5330 1033 5315 1002 1108 5405 1093 5285 5270 1123 5255 1077
2108 4541 2199 4556 4571 2169 4676 2184 2019 4616 2154 4601 4675 2109 4691 2124 2049 4751 2079 4766 4796 2185 4736 2170 2125 4886 2215 4871 4946 2155 4826 2140
3987 2315 3972 2300 2270 4032 2255 4017 4062 2211 4077 2346 2301 4121 2286 4167 4212 2256 4227 2316 2362 4257 2347 4182 4332 2287 4347 2377 2332 4407 2317 4302
2572 4348 2452 4333 4273 2497 4378 2512 2527 4258 2482 4243 4183 2451 4287 2436 2496 4228 2406 4213 4168 2466 4137 2481 2541 4063 2376 4078 4018 2450 4107 2435
3450 152 3330 167 242 3420 197 3435 3405 212 3360 227 302 3346 256 3331 3436 362 3316 377 392 3271 286 3286 3376 436 3241 421 466 3211 346 3226
1722 5334 1737 5259 5304 1692 5289 1782 1752 5198 1767 5229 5154 1662 5139 1812 1721 5109 1736 5094 5064 1766 5049 1781 1811 4974 1826 4989 4899 1720 4914 1856
2272 4377 2257 4451 4422 2363 4437 2198 2303 4527 2288 4481 4587 2318 4572 2243 2258 4557 2273 4646 4602 2364 4617 2289 2334 4632 2319 4752 4692 2394 4707 2259
1895 4075 1910 4015 4030 1865 4045 1955 1940 3954 1925 3970 3880 1850 3895 2000 1894 3924 1909 3850 3774 1879 3759 1939 1834 3789 1849 3715 3729 1789 3744 1908
478 5462 448 5477 5447 569 5507 554 584 5537 524 5522 5508 689 5567 674 734 5583 659 5598 5523 719 5613 704 869 5568 794 5553 5584 839 5644 824
1798 5349 1783 5454 5394 1948 5379 1888 1903 5485 1918 5515 5529 1859 5544 1934 1784 5589 1799 5574 5514 1754 5499 1829 1723 5543 1738 5484 5393 1708 5378 1753
5489 2683 5474 2593 2638 5414 2623 5519 5444 2773 5459 2729 2759 5549 2744 5579 5594 2699 5609 2774 2639 5654 2624 5624 5563 2609 5578 2654 2504 5638 2519 5548
4872 2410 4948 2425 2320 4857 2485 4842 4827 2395 4798 2380 2424 4753 2545 4768 4662 2454 4723 2439 2484 4708 2514 4693 4618 2529 4648 2544 2453 4543 2559 4558
3165 166 3150 136 196 3210 181 3240 3195 301 3180 211 270 3166 285 3121 3091 361 3106 345 435 3181 420 3076 3046 450 3031 390 495 3062 480 3001
2627 3479 2612 3524 3494 2687 3509 2597 2642 3434 2657 3418 3359 2702 3344 2552 2626 3299 2611 3314 3269 2656 3254 2686 2701 3179 2716 3239 3119 2610 3104 2731
2620 4919 2635 4964 4934 2680 4949 2590 2650 4784 2665 4843 4828 2589 4813 2575 2619 4663 2634 4754 4709 2664 4694 2679 2724 4619 2709 4649 4544 2633 4559 2739
1504 3878 1519 3802 3757 1549 3772 1429 1579 3788 1564 3727 3713 1639 3698 1489 1533 3653 1548 3683 3623 1593 3608 1578 1638 3548 1623 3518 3473 1653 3458 1547
4189 816 4234 831 891 4219 801 4204 4159 861 4128 846 906 4069 771 4054 4009 830 4083 815 890 4039 800 4024 3979 845 3933 860 905 3874 755 3889
5043 776 5058 641 701 5028 716 5118 4968 731 4953 671 640 4908 655 4982 4938 700 4923 610 670 4863 685 4847 4773 730 4788 580 624 4758 609 4817
3615 108 3690 93 243 3630 199 3645 3735 229 3780 214 319 3750 259 3765 3826 289 3856 274 439 3796 334 3781 3751 409 3736 394 364 3631 423 3646
5403 778 5418 658 703 5343 718 5478 5313 733 5328 673 657 5268 642 5342 5192 672 5207 627 597 5148 582 5237 5177 626 5162 522 567 5087 552 5147
1535 3998 1671 4013 4073 1641 4118 1626 1581 4163 1596 4148 4208 1536 4193 1551 1477 4238 1627 4253 4312 1567 4328 1582 1522 4388 1597 4403 4433 1537 4358 1552
1300 4806 1255 4821 4716 1285 4776 1270 1194 4761 1149 4746 4686 1209 4655 1224 1284 4611 1134 4596 4536 1178 4625 1193 1253 4566 1148 4581 4521 1223 4475 1208
1757 3444 1832 3429 3339 1802 3279 1817 1726 3309 1741 3324 3264 1786 3159 1771 1876 3234 1816 3219 3310 1921 3189 1936 1951 3160 1905 3175 3205 1981 3100 1996
1329 4792 1344 4671 4762 1359 4747 1404 1419 4717 1434 4612 4687 1524 4702 1464 1479 4657 1494 4642 4598 1584 4613 1538 1644 4703 1629 4553 4673 1599 4658 1674
4915 1915 4900 2036 1991 4975 2006 5035 5065 1946 5050 1976 1916 5080 1901 5125 5155 1992 5140 1857 1932 5230 1947 5214 5290 1962 5305 1887 1902 5260 1917 5335
193 5325 148 5310 5355 163 5400 178 223 5370 253 5385 5311 313 5476 328 373 5401 358 5416 5341 403 5386 418 477 5327 508 5312 5297 553 5402 568
950 3904 964 3919 3934 1040 3875 1025 965 4040 1055 4025 4099 1010 4010 995 951 4070 1086 4055 4129 1026 4160 1041 966 4205 1071 4220 4235 1011 4175 996
4720 1990 4870 2005 1899 4780 1975 4795 4809 1945 4945 1930 1780 4839 1870 4854 4794 1825 4884 1810 1734 4719 1840 4734 4704 1869 4765 1884 1794 4674 1929 4659
4248 712 4233 667 742 4263 727 4338 4293 847 4308 802 817 4354 832 4399 4429 923 4414 758 848 4504 863 4473 4579 893 4564 803 818 4534 833 4594
432 5191 492 5206 5251 357 5161 342 282 5221 387 5236 5281 327 5146 312 267 5190 222 5205 5250 177 5160 162 102 5235 192 5220 5280 147 5145 132
3881 2089 3821 2074 2059 3866 2149 3851 3760 2104 3806 2119 2014 3716 2179 3701 3745 2088 3656 2073 2043 3686 2133 3671 3580 2103 3611 2118 2028 3521 2163 3536
128 4575 98 4560 4545 204 4590 189 219 4680 129 4695 4635 174 4710 159 324 4650 264 4665 4726 279 4756 294 444 4681 354 4696 4666 399 4621 414
2248 5381 2233 5441 5426 2143 5411 2128 2098 5486 2083 5395 5530 2039 5545 2053 2129 5575 2114 5501 5606 2084 5591 2174 2159 5636 2144 5546 5576 2234 5561 2309
5453 1558 5513 1543 1603 5468 1528 5483 5423 1588 5392 1573 1648 5318 1498 5333 5273 1557 5362 1542 1617 5303 1527 5288 5153 1572 5197 1587 1511 5182 1497 5167
4875 175 4785 160 235 4800 190 4815 4786 325 4830 310 370 4876 295 4861 4801 355 4891 340 415 4846 445 4831 4772 490 4922 505 565 4862 475 4877
4222 1431 4117 1416 1386 4162 1476 4147 4057 1461 3997 1446 1325 4027 1415 4042 3936 1400 3982 1385 1310 3877 1460 3892 3921 1369 3832 1354 1339 3862 1399 3847
1147 4325 1162 4401 4295 1117 4310 1177 1207 4280 1222 4341 4236 1161 4251 1282 1176 4221 1191 4176 4146 1221 4161 1251 1281 4071 1266 4101 3996 1190 4011 1311
4262 592 4292 577 532 4337 547 4322 4397 487 4247 502 427 4306 412 4291 4366 337 4261 352 277 4336 367 4321 4396 322 4246 307 247 4290 232 4305
4879 940 4790 955 985 4834 1030 4849 4940 1000 4865 1015 1106 4895 1060 4910 5000 1150 4835 1165 1226 4956 1180 4971 5061 1271 4896 1286 1256 5001 1301 4986
3923 1729 3819 1714 1655 3879 1805 3894 3938 1745 3969 1760 1685 4029 1775 4044 4103 1730 4014 1715 1761 4074 1821 4059 4179 1776 4104 1791 1731 4164 1851 4149
176 4980 236 4995 5010 311 4966 326 296 5041 371 5056 5071 341 4996 356 446 5026 401 5011 5117 491 4952 506 521 5042 566 5057 5012 581 4892 596
4195 1896 4180 2032 1987 4225 2002 4300 4240 1852 4255 1972 1927 4314 1942 4345 4405 1867 4390 1912 2003 4435 1988 4375 4510 1928 4525 2018 1973 4555 1958 4480
1367 3442 1472 3427 3472 1412 3367 1427 1382 3337 1457 3352 3381 1351 3277 1366 1321 3307 1426 3322 3216 1381 3247 1396 1291 3157 1441 3172 3142 1350 3097 1365
662 3483 602 3498 3453 632 3557 647 738 3528 663 3513 3618 693 3648 708 648 3663 739 3678 3737 574 3708 589 514 3767 679 3752 3797 604 3843 619
3607 1368 3622 1488 1428 3637 1413 3577 3517 1398 3532 1443 1308 3591 1293 3502 3546 1248 3561 1337 1263 3531 1278 3456 3486 1142 3501 1202 1187 3560 1172 3410
4718 1539 4733 1675 1645 4748 1630 4853 4793 1480 4778 1615 1585 4837 1570 4868 4943 1510 4928 1555 1631 4973 1646 4898 5048 1571 5063 1676 1601 5078 1616 5018
248 4485 218 4470 4561 323 4411 308 293 4516 368 4501 4546 353 4456 338 443 4486 398 4471 4562 503 4427 488 473 4517 563 4502 4532 533 4457 518
5075 1076 4955 1061 1092 5105 1031 5120 5135 1001 5014 1016 1032 5179 971 5164 5194 942 5074 957 987 5224 912 5239 5254 867 5134 852 822 5208 777 5193
2561 4918 2440 4903 4993 2531 4978 2546 2516 5053 2486 5068 5128 2456 5083 2441 2397 5143 2547 5158 5202 2472 5233 2487 2427 5308 2517 5293 5323 2457 5263 2442
4599 1718 4554 1733 1688 4569 1793 4584 4478 1748 4524 1763 1658 4434 1823 4419 4463 1732 4374 1717 1702 4389 1777 4404 4313 1747 4254 1762 1657 4268 1686 4283
782 3393 797 3484 3543 827 3558 753 858 3529 843 3588 3664 888 3679 783 813 3634 828 3723 3694 904 3709 844 874 3724 889 3859 3784 934 3799 814
