3807 2269 3792 2329 3747 2314 2284 3776 2299 3702 2344 3717 3731 2149 3746 2209 3687 2194 2164 3701 2179 3641 2238 3656 3671 2073 3686 2148 3596 2133 2103 3595 2118 3611 2193 3626 3536 2013 3521 2178 3566 2163 2087 3565 2072 3461 2237 3476 3506 2042 3491 2147 3416 2132 2117 3400 2102 3446 2192 3431 3341 2012 3356 2162 3296 2177 2056 3280 2041 3326 2071 3311 3235 1966 3220 2101 3266 2116 2026 3205 2011 3161 2131 3176 3131 2085 3146 2176 3236 2161 2130 3086 2145 3116 2206 3101 3056 2190 3041 2235 3191 2220 2295 3011 2280 3132 2250 3147
4849 955 4834 895 4909 880 910 4714 925 4864 835 4879 4789 834 4774 865 4939 850 760 4744 775 4833 790 4848 4803 789 4818 715 4893 700 730 4728 745 4878 640 4863 4773 639 4788 670 4938 685 595 4758 580 4832 610 4847 4802 609 4817 535 4892 520 565 4727 550 4862 460 4877 4772 459 4787 505 4831 490 429 4666 444 4801 400 4816 4711 339 4726 370 4876 385 294 4741 279 4786 355 4771 4815 249 4800 325 4921 310 235 4725 220 4845 250 4830 4875 190 4860 160 4890 175 145 4770 130 4935 115 4920
3829 979 3845 964 3814 859 889 3769 1009 3754 874 3784 3739 1039 3785 1024 3724 904 934 3695 1099 3710 949 3634 3665 1008 3650 993 3680 963 1023 3605 1158 3620 1038 3574 3530 1068 3590 1053 3515 948 1098 3560 1113 3545 1083 3485 3455 1142 3486 1157 3470 992 1067 3395 1217 3410 1052 3425 3350 1082 3380 1097 3335 1022 1006 3290 1156 3275 991 3364 3320 1066 3230 1051 3305 961 1021 3245 1126 3260 1036 3214 3170 1096 3185 1081 3155 931 1005 3110 1140 3095 990 3184 3125 1065 3035 1050 3140 960 1035 3065 1080 3080 1020 3034
4691 2199 4706 2079 4796 2094 2154 4661 2139 4751 2049 4766 4616 2169 4601 2124 4675 2109 2093 4556 2078 4630 1989 4645 4586 2153 4571 2063 4540 2048 2123 4436 2108 4480 1958 4495 4465 2077 4450 2018 4525 2033 2047 4391 2062 4360 1988 4375 4300 2122 4315 1972 4390 1957 2017 4256 2032 4345 1927 4330 4285 2076 4270 1987 4255 2002 2046 4120 2061 4195 1896 4180 4150 2031 4165 1971 4210 1956 2001 4000 1986 4075 1941 4060 4045 1955 4030 1836 4119 1851 1910 3970 1895 4104 1821 4089 3954 1940 3939 1880 4014 1865 1790 3909 1775 3969 1760 3984
1180 4866 1195 4971 1226 4956 4896 1240 4911 1271 5061 1286 1345 4851 1330 4986 1241 5001 4942 1405 4927 1316 5031 1301 1466 4912 1451 4957 1406 4972 5047 1481 5062 1421 5122 1436 1511 5032 1526 5077 1361 5092 5182 1556 5167 1467 5152 1452 1587 5153 1572 5197 1437 5212 5288 1602 5303 1512 5257 1527 1557 5258 1542 5347 1468 5362 5333 1648 5318 1483 5407 1498 1588 5423 1573 5392 1423 5377 5468 1618 5483 1513 5452 1528 1558 5438 1543 5542 1469 5527 5498 1634 5513 1484 5587 1499 1589 5588 1574 5557 1424 5572 5663 1544 5648 1529 5617 1514
4692 2394 4632 2379 4707 2304 2334 4662 2469 4677 2319 4767 4722 2424 4768 2409 4737 2274 2365 4812 2454 4827 2350 4782 4842 2470 4798 2485 4857 2335 2425 4933 2500 4948 2410 4917 5007 2455 4918 2440 4992 2351 2381 4963 2531 4978 2396 5067 5022 2471 5053 2486 5037 2336 2426 5128 2516 5113 2411 5082 5187 2456 5098 2441 5172 2367 2382 5143 2547 5158 2397 5247 5202 2487 5233 2472 5217 2337 2412 5293 2517 5308 2427 5277 5367 2457 5263 2442 5352 2383 2473 5323 2533 5338 2488 5397 5488 2503 5398 2518 5473 2428 2443 5413 2563 5428 2458 5503
4674 1779 4659 1944 4690 1929 1884 4719 1869 4750 1974 4765 4824 1810 4809 1899 4720 1914 1855 4884 1840 4795 2005 4780 4854 1795 4839 1930 4870 1945 1885 4899 1870 4930 1975 4945 4989 1826 5004 1900 4915 1915 1856 5049 1841 4975 1991 4960 5019 1781 5034 1946 5050 1931 1871 5079 1886 5110 1961 5125 5184 1812 5169 1916 5095 1901 1857 5229 1842 5140 2007 5155 5214 1797 5199 1947 5230 1932 1887 5259 1872 5305 1962 5290 5349 1858 5364 1902 5260 1917 1948 5394 1933 5320 2008 5335 5485 1888 5470 1963 5395 1978 1918 5500 1903 5425 2038 5410
3273 646 3362 631 3288 796 737 3333 662 3348 722 3363 3408 692 3498 707 3393 842 797 3468 738 3453 782 3499 3514 753 3558 768 3529 903 843 3588 708 3573 858 3604 3679 783 3618 798 3664 813 754 3648 678 3633 769 3738 3783 739 3663 724 3798 709 679 3708 648 3693 664 3843 3752 589 3737 574 3767 619 559 3647 618 3632 544 3782 3707 468 3617 453 3692 499 409 3677 498 3662 394 3751 3646 423 3586 438 3631 379 333 3616 393 3601 348 3676 3526 378 3451 363 3511 303 228 3496 287 3481 213 3570
2604 4754 2679 4769 2589 4693 4678 2649 4619 2664 4663 2514 2529 4648 2633 4633 2544 4603 4543 2588 4589 2603 4558 2453 2513 4498 2663 4483 2498 4588 4528 2558 4424 2573 4513 2468 2543 4453 2617 4468 2528 4423 4363 2602 4409 2587 4378 2437 2512 4318 2662 4303 2497 4393 4348 2572 4244 2557 4333 2467 2542 4288 2616 4273 2527 4258 4183 2601 4229 2586 4198 2436 2496 4138 2661 4123 2511 4228 4168 2556 4064 2571 4153 2481 2541 4108 2630 4093 2526 4063 4003 2585 3943 2600 4018 2435 2465 3988 2555 3973 2480 3957 4033 2495 3913 2510 4048 2420
3818 1594 3833 1534 3848 1549 1564 3713 1579 3757 1519 3772 3727 1548 3742 1414 3817 1429 1474 3683 1489 3787 1384 3802 3652 1503 3637 1459 3697 1444 1428 3577 1413 3667 1353 3682 3607 1488 3622 1383 3576 1398 1443 3547 1458 3532 1293 3517 3472 1502 3457 1367 3487 1352 1427 3412 1412 3442 1382 3427 3367 1562 3382 1457 3352 1442 1487 3338 1472 3277 1366 3292 3323 1546 3308 1501 3247 1516 1561 3248 1576 3217 1411 3232 3158 1636 3173 1486 3202 1471 1515 3128 1500 3097 1441 3112 3037 1560 3052 1410 3142 1425 1485 3022 1470 3067 1350 3082
3952 1580 3968 1565 3937 1505 1550 4028 1595 4043 1535 4087 4058 1641 3998 1626 4073 1566 1611 4088 1685 4103 1596 4208 4148 1656 4074 1671 4163 1536 1701 4133 1761 4118 1686 4178 4283 1716 4194 1731 4268 1642 1672 4254 1807 4239 1657 4343 4313 1762 4344 1747 4298 1612 1702 4389 1792 4404 1687 4373 4463 1732 4374 1717 4448 1628 1673 4419 1823 4434 1658 4523 4478 1748 4509 1763 4493 1598 1703 4569 1778 4584 1688 4538 4643 1718 4554 1733 4628 1644 1659 4599 1809 4614 1674 4688 4658 1749 4689 1764 4673 1599 1689 4764 1734 4749 1704 4733
3510 77 3525 183 3540 198 107 3480 92 3450 257 3465 3420 122 3435 152 3405 167 182 3345 197 3375 212 3360 3270 106 3285 256 3316 241 151 3240 166 3225 271 3210 3180 226 3195 301 3286 316 270 3136 285 3166 331 3151 3091 345 3106 376 3241 361 420 3046 435 3196 391 3181 3167 450 3152 481 3226 496 556 3092 541 3257 466 3242 3197 600 3182 526 3272 511 571 3123 586 3227 616 3212 3153 645 3168 661 3303 676 736 3108 721 3258 691 3243 3198 795 3183 766 3213 751 825 3033 810 3154 856 3169
892 4309 952 4294 877 4369 4324 922 4174 907 4339 817 862 4249 816 4234 847 4399 4293 757 4204 772 4308 802 712 4278 801 4263 697 4368 4323 727 4173 742 4338 637 667 4233 651 4248 682 4398 4292 592 4218 577 4307 607 517 4262 606 4277 532 4367 4337 547 4187 562 4322 472 487 4232 456 4247 502 4382 4291 412 4217 397 4306 427 352 4276 441 4261 337 4351 4321 367 4171 382 4336 277 307 4231 276 4246 322 4396 4305 232 4260 217 4290 247 157 4320 187 4335 172 4350 4380 142 4230 127 4395 97
4686 1224 4640 1119 4625 1209 1179 4655 1059 4700 1074 4670 4776 1164 4715 1014 4730 1149 1120 4820 1105 4790 1090 4805 4850 1075 4880 1045 4865 1060 1165 4910 1015 4925 1000 4895 5000 1106 4970 956 4955 1091 1121 5060 1031 5029 1046 5045 5015 1076 5105 971 5120 1061 1166 5075 1016 5179 1001 5090 5165 1092 5150 1032 5135 1107 1122 5225 1077 5285 1062 5240 5210 1152 5270 1108 5255 1167 1212 5286 1138 5420 1123 5301 5256 1182 5360 1078 5345 1197 1273 5316 1213 5375 1228 5331 5391 1243 5481 1153 5466 1258 1303 5421 1198 5496 1183 5406
1969 3730 1954 3790 1894 3805 3700 1999 3715 1924 3850 1939 1849 3685 1834 3774 1879 3759 3744 1863 3729 1789 3834 1774 1804 3654 1819 3714 1759 3699 3684 1773 3669 1654 3773 1669 1713 3624 1728 3728 1639 3743 3578 1743 3593 1683 3653 1698 1653 3519 1668 3608 1608 3623 3548 1712 3563 1638 3533 1623 1682 3504 1697 3473 1532 3458 3398 1757 3413 1592 3443 1607 1667 3354 1652 3368 1637 3383 3309 1817 3324 1696 3278 1681 1711 3294 1726 3233 1591 3218 3264 1876 3249 1756 3203 1741 1771 3234 1786 3174 1725 3159 3204 1846 3189 1801 3114 1816
815 4069 830 3979 950 3964 3994 906 4009 890 3904 875 845 4024 860 3889 905 3874 3948 800 3933 755 3844 770 710 3993 695 3918 784 3903 3963 635 3978 725 3813 740 665 4038 680 3873 634 3888 3947 620 3932 575 3902 590 530 3992 515 3962 560 3977 4037 561 4022 500 3887 485 470 4052 455 3946 395 3931 4081 411 4096 440 3976 425 381 4111 366 3991 335 4006 4066 336 4051 290 4036 275 321 4216 306 4095 245 4080 4110 261 4125 231 4005 216 171 4185 156 4140 201 4155 4215 111 4200 126 4065 141
4687 1479 4702 1374 4792 1359 1434 4642 1419 4762 1329 4747 4597 1449 4612 1404 4656 1389 1358 4552 1373 4641 1314 4626 4582 1433 4567 1343 4536 1328 1388 4522 1403 4476 1238 4491 4417 1463 4432 1298 4521 1313 1372 4372 1357 4446 1283 4461 4387 1432 4402 1342 4371 1327 1387 4342 1402 4296 1237 4311 4252 1462 4237 1312 4326 1297 1356 4192 1371 4266 1267 4281 4207 1416 4222 1341 4176 1326 1386 4162 1401 4116 1251 4131 4057 1461 4072 1296 4146 1311 1355 3997 1370 4086 1266 4101 4027 1415 4042 1325 4011 1340 1385 3967 1400 3936 1250 3951
1249 3786 1204 3770 1219 3801 3831 1189 3846 1159 3861 1174 1265 3876 1130 3815 1115 3891 3981 1205 3920 1085 3905 1220 1175 3935 1070 3890 1055 3950 4026 1160 3965 1025 3980 1145 1131 3995 995 4040 1010 4010 4100 1101 4070 936 4055 1086 1071 4145 1026 4129 1041 4160 4115 1161 4175 996 4190 1146 1191 4280 1087 4250 1102 4265 4236 1117 4340 1042 4325 1132 1207 4295 1057 4400 1072 4310 4386 1147 4370 1012 4355 1162 1192 4460 1103 4415 1088 4445 4416 1133 4505 1028 4520 1118 1208 4475 1073 4565 1058 4490 4581 1163 4535 998 4550 1148
162 5235 207 5115 192 5220 5190 237 5085 161 5070 222 327 5160 251 5010 266 5175 5131 281 5101 326 5116 296 387 5071 356 5041 341 5086 5176 431 5026 401 5011 446 402 5117 491 4967 506 5102 5132 461 5042 566 5057 476 567 5087 536 4997 521 5072 5162 611 5027 581 5012 626 597 5103 686 4968 671 5118 5133 641 5058 716 5043 656 732 5073 791 5013 806 5088 5238 762 5104 866 5119 777 717 5163 821 5089 836 5178 5193 867 5134 912 5149 852 807 5299 897 5209 882 5284 5329 837 5224 957 5239 822
3823 2509 3733 2494 3838 2449 2464 3793 2569 3808 2479 3777 3703 2524 3643 2539 3718 2389 2418 3673 2493 3688 2403 3642 3597 2478 3628 2463 3582 2328 2373 3523 2538 3538 2388 3612 3567 2432 3463 2447 3552 2343 2417 3493 2507 3508 2402 3477 3417 2477 3433 2462 3402 2312 2387 3358 2537 3343 2372 3372 3328 2446 3283 2431 3313 2416 2461 3268 2596 3253 2476 3222 3178 2491 3223 2506 3163 2386 2521 3208 2641 3193 2536 3133 3103 2551 3164 2566 3118 2460 2580 3134 2701 3149 2595 3088 3043 2610 3104 2625 3058 2520 2655 3089 2685 3074 2640 3028
2234 5606 2114 5575 2129 5591 5561 2159 5501 2024 5516 2144 2309 5531 2174 5471 2189 5546 5502 2219 5441 2128 5456 2204 2263 5472 2233 5411 2248 5487 5412 2293 5381 2143 5396 2308 2353 5337 2203 5366 2218 5322 5292 2232 5261 2188 5276 2247 2292 5201 2157 5291 2142 5216 5142 2217 5246 2112 5231 2202 2276 5171 2172 5141 2187 5186 5127 2231 5081 2081 5096 2246 2291 5036 2156 5111 2141 5021 4962 2201 5066 2126 5051 2216 2275 5006 2171 4976 2186 4991 4841 2245 4916 2080 4901 2230 2200 4886 2110 4855 2125 4871 4811 2140 4931 2065 4946 2155
4549 924 4534 893 4474 878 818 4594 833 4504 908 4519 4564 774 4579 848 4414 863 788 4638 803 4473 758 4488 4533 729 4548 713 4458 698 653 4593 638 4518 728 4503 4578 579 4563 683 4413 668 623 4622 608 4472 593 4487 4547 549 4532 518 4442 533 458 4607 473 4517 563 4502 4577 399 4562 503 4412 488 428 4636 443 4486 398 4471 4546 384 4531 338 4516 353 293 4591 278 4561 323 4576 4635 309 4620 248 4485 263 234 4665 219 4530 158 4545 4680 159 4695 204 4575 189 144 4740 129 4605 83 4590
899 5524 884 5584 824 5599 5494 914 5509 854 5568 869 779 5464 764 5523 719 5538 5448 793 5433 734 5508 749 718 5388 703 5478 599 5463 5403 748 5418 643 5522 658 688 5328 673 5387 628 5372 5357 627 5342 538 5432 523 553 5267 568 5417 463 5402 5312 462 5327 493 5386 508 432 5206 447 5341 403 5356 5251 357 5266 388 5401 373 297 5296 282 5311 343 5326 5355 223 5340 313 5446 328 178 5415 163 5385 283 5370 5445 103 5430 253 5506 268 194 5490 209 5520 329 5535 5595 134 5580 239 5550 224
2059 3925 1985 3910 2044 3775 3866 2015 3955 2030 3851 2074 2165 3896 2120 3881 2180 3821 3926 2150 4031 2135 3911 2239 2210 3971 2090 3986 2195 3897 3941 2225 4001 2240 3956 2300 2255 4106 2181 4091 2270 4002 4062 2211 4166 2196 4077 2346 2301 4136 2151 4121 2286 4167 4212 2226 4196 2241 4227 2316 2256 4286 2167 4271 2271 4197 4242 2212 4346 2197 4257 2347 2302 4316 2152 4301 2287 4347 4407 2242 4376 2227 4392 2332 2272 4451 2168 4466 2257 4377 4437 2303 4481 2288 4422 2348 2333 4587 2243 4572 2318 4497 4527 2258 4617 2273 4512 2378
