2163 2178 3476 3521 3536 2087 2042 2057 3506
365 380 3826 3871 3886 289 244 259 3856
1268 1283 4371 4416 4431 1192 1147 1162 4401
1625 1640 3833 3878 3893 1549 1504 1519 3863
1987 2002 4195 4240 4255 1911 1866 1881 4225
729 744 4548 4593 4608 653 608 623 4578
1628 1643 4373 4418 4433 1552 1507 1522 4403
370 385 4726 4771 4786 294 249 264 4756
2167 2182 4196 4241 4256 2091 2046 2061 4226
1083 1098 3470 3515 3530 1007 962 977 3500
906 921 4009 4054 4069 830 785 800 4039
901 916 3109 3154 3169 825 780 795 3139
728 743 4368 4413 4428 652 607 622 4398
364 379 3646 3691 3706 288 243 258 3676
369 384 4546 4591 4606 293 248 263 4576
1441 1456 3112 3157 3172 1365 1320 1335 3142
1621 1636 3113 3158 3173 1545 1500 1515 3143
1630 1645 4733 4778 4793 1554 1509 1524 4763
730 745 4728 4773 4788 654 609 624 4758
1442 1457 3292 3337 3352 1366 1321 1336 3322
1623 1638 3473 3518 3533 1547 1502 1517 3503
2170 2185 4736 4781 4796 2094 2049 2064 4766
1088 1103 4370 4415 4430 1012 967 982 4400
548 563 4367 4412 4427 472 427 442 4397
361 376 3106 3151 3166 285 240 255 3136
903 918 3469 3514 3529 827 782 797 3499
368 383 4366 4411 4426 292 247 262 4396
1267 1282 4191 4236 4251 1191 1146 1161 4221
544 559 3647 3692 3707 468 423 438 3677
550 565 4727 4772 4787 474 429 444 4757
1090 1105 4730 4775 4790 1014 969 984 4760
1084 1099 3650 3695 3710 1008 963 978 3680
907 922 4189 4234 4249 831 786 801 4219
2345 2360 3837 3882 3897 2269 2224 2239 3867
1990 2005 4735 4780 4795 1914 1869 1884 4765
1983 1998 3475 3520 3535 1907 1862 1877 3505
724 739 3648 3693 3708 648 603 618 3678
1622 1637 3293 3338 3353 1546 1501 1516 3323
1809 1824 4554 4599 4614 1733 1688 1703 4584
905 920 3829 3874 3889 829 784 799 3859
2100 2115 3086 3131 3146 2085 2161 2176 3176
721 736 3108 3153 3168 645 600 615 3138
1450 1465 4732 4777 4792 1374 1329 1344 4762
1503 1518 3652 3607 3622 1368 1413 1428 3682
2166 2181 4016 4061 4076 2090 2045 2060 4046
1985 2000 3835 3880 3895 1909 1864 1879 3865
1803 1818 3474 3519 3534 1727 1682 1697 3504
1449 1464 4552 4597 4612 1373 1328 1343 4582
727 742 4188 4233 4248 651 606 621 4218
1989 2004 4555 4600 4615 1913 1868 1883 4585
