3873 665 4023 605 620 4038 680 3888 649 725 3963 635 4053 4068 650 3978 740 3828 3903 695 3993 726 741 4008 710 3918 770 845 3933 785 4083 4098 800 3948 860 3889 3964 815 4024 756 771 4039 830 3979 890 965 3994 906 4054 4069 921 4009 980 3949 4025 936 4144 846 861 4159 951 4040 1040 995 4084 876 4174 4189 891 4099 1010 4010 4055 1026 4114 966 981 4129 1041 4070 1101
3162 2281 3312 2221 2236 3327 2296 3177 2265 2341 3252 2251 3342 3357 2266 3267 2356 3117 3192 2311 3282 2342 2357 3297 2326 3207 2415 2371 3222 2401 3372 3387 2416 3237 2386 3148 3163 2461 3313 2372 2387 3328 2476 3178 2536 2491 3283 2522 3343 3358 2537 3298 2506 3208 3223 2581 3373 2492 2507 3388 2596 3238 2566 2641 3314 2552 3403 3418 2567 3329 2656 3179 3284 2611 3344 2642 2657 3359 2626 3299 2686
310 4771 279 4741 4756 294 4786 325 4936 4861 370 4711 339 354 4726 385 4876 295 340 4801 429 4651 4666 444 4816 355 4906 4831 400 4742 459 474 4757 415 4846 445 490 4772 550 4712 4727 565 4787 505 4937 4862 520 4802 609 624 4817 535 4877 475 610 4832 670 4773 4788 685 4847 625 4907 4953 640 4863 700 715 4878 655 4968 596 731 4893 790 4833 4848 805 4908 746 4938
3333 662 3483 602 617 3498 677 3348 646 722 3423 632 3513 3528 647 3438 737 3288 3363 692 3453 723 738 3468 707 3378 767 842 3393 782 3543 3558 797 3408 857 3349 3424 812 3484 753 768 3499 827 3439 887 962 3454 903 3514 3529 918 3469 977 3409 3485 933 3604 843 858 3619 948 3500 1037 992 3544 873 3634 3649 888 3559 1007 3470 3515 1023 3574 963 978 3589 1038 3530 1098
4411 308 4561 248 263 4576 323 4426 292 368 4501 278 4591 4606 293 4516 383 4366 4441 338 4531 369 384 4546 353 4456 413 488 4471 428 4621 4636 443 4486 503 4427 4502 458 4562 399 414 4577 473 4517 563 518 4532 549 4592 4607 564 4547 533 4457 4472 608 4622 519 534 4637 623 4487 683 638 4593 669 4652 4667 684 4608 653 4518 4533 729 4683 639 654 4698 744 4548 803
3522 2283 3672 2223 2238 3687 2298 3537 2267 2343 3612 2253 3702 3717 2268 3627 2358 3477 3552 2313 3642 2344 2359 3657 2328 3567 2388 2463 3582 2403 3732 3747 2418 3597 2478 3538 3613 2433 3673 2374 2389 3688 2448 3628 2538 2583 3643 2524 3703 3718 2539 3658 2598 3598 3733 2554 3793 2464 2479 3808 2569 3748 2628 2644 3763 2494 3853 3868 2509 3778 2659 3719 3854 2584 3823 2434 2449 3838 2599 3869 2689
3697 1384 3847 1324 1339 3862 1399 3712 1368 1444 3787 1354 3877 3892 1369 3802 1459 3652 3727 1414 3817 1445 1460 3832 1429 3742 1489 1564 3757 1504 3907 3922 1519 3772 1579 3713 3788 1534 3848 1475 1490 3863 1549 3803 1639 1594 3818 1625 3878 3893 1640 3833 1609 3743 3758 1684 3908 1595 1610 3923 1699 3773 1759 1714 3879 1745 3938 3953 1760 3894 1729 3804 3819 1805 3969 1715 1730 3984 1820 3834 1879
4235 1027 4385 967 982 4400 1042 4250 1011 1087 4325 997 4415 4430 1012 4340 1102 4190 4265 1057 4355 1088 1103 4370 1072 4280 1132 1207 4295 1147 4445 4460 1162 4310 1222 4251 4326 1177 4386 1118 1133 4401 1192 4341 1282 1327 4356 1268 4416 4431 1283 4371 1342 4311 4387 1298 4446 1238 1253 4461 1313 4402 1402 1448 4417 1388 4476 4491 1403 4432 1463 4372 4477 1418 4567 1328 1343 4582 1433 4492 1493
4051 306 4201 246 261 4216 321 4066 290 366 4141 276 4231 4246 291 4156 381 4006 4081 336 4171 367 382 4186 351 4096 411 486 4111 426 4261 4276 441 4126 501 4067 4142 456 4202 397 412 4217 471 4157 531 606 4172 547 4232 4247 562 4187 621 4127 4203 577 4322 487 502 4337 592 4218 681 636 4262 517 4352 4367 532 4277 651 4188 4233 667 4292 607 622 4307 682 4248 742
2103 3521 2163 3551 3566 2178 3536 2118 3595 3550 2072 3461 2222 2237 3476 2087 3565 2028 2042 3400 2102 3431 3446 2117 3415 2057 3475 3430 2012 3341 2162 2177 3356 2027 3445 1937 1982 3370 2071 3281 3296 2086 3385 1997 3355 3280 2041 3311 2131 2146 3326 2056 3295 1906 1951 3220 2101 3251 3266 2116 3235 1966 3325 3250 2011 3161 2161 2176 3176 2026 3265 1936 1981 3190 2070 3131 3146 2085 3205 1996 3175
3155 1021 3305 961 976 3320 1036 3170 1005 1081 3245 991 3335 3350 1006 3260 1096 3110 3185 1051 3275 1082 1097 3290 1066 3200 1126 1201 3215 1141 3365 3380 1156 3230 1216 3171 3246 1171 3336 1202 1217 3351 1186 3261 1276 1231 3276 1262 3426 3441 1277 3291 1246 3201 3216 1321 3366 1292 1307 3381 1336 3231 1306 1381 3307 1351 3337 3352 1366 3322 1396 3172 3247 1411 3277 1442 1457 3292 1426 3262 1456
4782 2290 4932 2230 2245 4947 2305 4797 2274 2350 4872 2260 4962 4977 2275 4887 2365 4737 4812 2320 4902 2351 2366 4917 2335 4827 2395 2470 4842 2410 4992 5007 2425 4857 2485 4798 4873 2440 4933 2381 2396 4948 2455 4888 2545 2590 4903 2531 4963 4978 2546 4918 2605 4858 4934 2561 4993 2501 2516 5008 2576 4949 2665 2711 4964 2651 5023 5038 2666 4979 2726 4919 4994 2681 5114 2591 2606 5129 2696 5009 2785
392 3361 362 3301 3316 377 3376 407 3347 3302 421 3271 301 316 3286 436 3317 466 481 3211 331 3241 3256 346 3226 496 3257 3152 391 3181 361 376 3196 406 3167 526 541 3122 420 3091 3106 435 3137 556 3227 3092 450 3031 330 345 3046 465 3107 586 600 3062 480 3001 3016 495 3077 615 3138 3032 510 2972 390 405 2987 525 3047 675 570 3002 540 2942 2957 555 3017 585 2988
1153 5435 1003 5465 5480 1018 5450 1168 5511 5375 1063 5405 1033 1048 5420 1078 5390 1198 1213 5345 1093 5315 5330 1108 5360 1228 5421 5316 1123 5255 1002 1017 5270 1138 5331 1258 1273 5286 1152 5225 5240 1167 5301 1288 5361 5256 1182 5195 1092 1107 5210 1197 5271 1347 1242 5226 1212 5165 5180 1227 5241 1257 5211 5166 1272 5136 1151 1166 5151 1287 5181 1407 1331 5076 1181 5015 5030 1196 5091 1346 5152
4599 1749 4749 1689 1704 4764 1764 4614 1733 1809 4689 1719 4779 4794 1734 4704 1824 4554 4629 1779 4719 1810 1825 4734 1794 4644 1854 1929 4659 1869 4809 4824 1884 4674 1944 4615 4690 1899 4750 1840 1855 4765 1914 4705 1974 2049 4720 1990 4780 4795 2005 4735 2064 4675 4751 2020 4870 1930 1945 4885 2035 4766 2124 2079 4810 1960 4900 4915 1975 4825 2094 4736 4781 2110 4840 2050 2065 4855 2125 4796 2185
4422 2288 4572 2228 2243 4587 2303 4437 2272 2348 4512 2258 4602 4617 2273 4527 2363 4377 4452 2318 4542 2349 2364 4557 2333 4467 2393 2468 4482 2408 4632 4647 2423 4497 2483 4438 4513 2438 4573 2379 2394 4588 2453 4528 2543 2588 4543 2529 4603 4618 2544 4558 2603 4498 4574 2559 4633 2499 2514 4648 2574 4589 2663 2709 4604 2649 4663 4678 2664 4619 2724 4559 4634 2679 4754 2589 2604 4769 2694 4649 2783
3511 303 3661 243 258 3676 318 3526 287 363 3601 273 3691 3706 288 3616 378 3466 3541 333 3631 364 379 3646 348 3556 408 483 3571 423 3721 3736 438 3586 498 3527 3602 453 3662 394 409 3677 468 3617 528 603 3632 544 3692 3707 559 3647 618 3587 3663 574 3782 484 499 3797 589 3678 678 633 3722 514 3812 3827 529 3737 648 3648 3693 664 3752 604 619 3767 679 3708 739
4777 1390 4927 1330 1345 4942 1405 4792 1374 1450 4867 1360 4957 4972 1375 4882 1465 4732 4807 1420 4897 1451 1466 4912 1435 4822 1495 1570 4837 1510 4987 5002 1525 4852 1585 4793 4868 1540 4928 1481 1496 4943 1555 4883 1615 1690 4898 1631 4958 4973 1646 4913 1705 4853 4929 1661 4988 1601 1616 5003 1676 4944 1765 1720 4959 1751 5018 5033 1766 4974 1735 4884 4899 1811 5049 1721 1736 5064 1826 4914 1795
3882 2285 4032 2225 2240 4047 2300 3897 2269 2345 3972 2255 4062 4077 2270 3987 2360 3837 3912 2315 4002 2346 2361 4017 2330 3927 2390 2465 3942 2405 4092 4107 2420 3957 2480 3898 3973 2435 4033 2376 2391 4048 2450 3988 2540 2585 4003 2526 4063 4078 2541 4018 2600 3958 4034 2556 4093 2496 2511 4108 2571 4049 2660 2706 4064 2646 4123 4138 2661 4079 2721 4019 4094 2676 4214 2586 2601 4229 2691 4109 2780
2016 4061 2166 4001 4016 2181 4076 2031 4135 4000 2045 4031 2135 2150 4046 2060 4015 2001 1955 3940 2105 3971 3986 2120 3955 1970 4045 3970 2015 3881 2165 2180 3896 2030 3985 1940 1985 3910 2074 3821 3836 2089 3925 2000 3895 3820 2044 3851 2134 2149 3866 2059 3835 1909 1954 3760 2104 3791 3806 2119 3775 1969 3865 3790 2014 3701 2164 2179 3716 2029 3805 1939 1984 3730 2043 3671 3686 2058 3745 1999 3715
818 4594 849 4744 4759 864 4609 833 4519 4534 909 4684 819 834 4699 924 4549 893 968 4624 879 4714 4729 894 4639 983 4489 4565 939 4654 969 984 4669 954 4580 1043 1089 4595 1029 4745 4760 1044 4610 1104 4550 4625 1059 4715 1090 1105 4730 1074 4640 1163 1119 4655 1149 4805 4820 1164 4670 1134 4581 4596 1209 4746 1179 1194 4761 1224 4611 1193 1269 4686 1239 4716 4731 1254 4701 1284 4551
4239 1747 4389 1687 1702 4404 1762 4254 1731 1807 4329 1717 4419 4434 1732 4344 1822 4194 4269 1777 4359 1808 1823 4374 1792 4284 1852 1927 4299 1867 4449 4464 1882 4314 1942 4255 4330 1897 4390 1838 1853 4405 1912 4345 1972 2047 4360 1988 4420 4435 2003 4375 2062 4315 4391 2018 4510 1928 1943 4525 2033 4406 2122 2077 4450 1958 4540 4555 1973 4465 2092 4376 4421 2108 4480 2048 2063 4495 2123 4436 2183
