2309 5667 2264 5652 2294 5517 5607 2324 5637 2339 5592 2369 2384 5562 2429 5577 2399 5442 5547 2474 5668 2489 5532 2428 2443 5503 2504 5518 2458 5397 5473 2534 5563 2549 5488 2488 2518 5458 2579 5443 2503 5323 5413 2608 5533 2593 5428 2533 2578 5398 2623 5383 2563 5368 5339 2653 5474 2668 5324 2622 2728 5414 2698 5429 2713 5309 5279 2758 5384 2743 5264 2697
1785 3039 1890 3070 1905 3054 3114 1860 3145 1920 3130 1875 1846 3175 1981 3115 1996 3160 3234 1936 3250 2026 3265 1921 1906 3295 2041 3220 2056 3280 3340 1997 3370 2086 3385 1982 1922 3445 2012 3356 2027 3430 3475 2057 3400 2117 3415 2042 2028 3550 2072 3476 2087 3565 3580 2118 3536 2163 3521 2103 2058 3671 2148 3551 2133 3686 3716 2088 3626 2208 3611 2073
4342 1402 4296 1387 4327 1432 1357 4402 1342 4387 1372 4357 4417 1298 4461 1313 4432 1448 1388 4491 1253 4476 1403 4507 4567 1328 4536 1343 4582 1418 1373 4641 1284 4626 1358 4552 4612 1314 4686 1299 4597 1464 1404 4671 1254 4656 1389 4687 4762 1344 4731 1329 4747 1434 1359 4821 1285 4806 1374 4732 4792 1300 4881 1315 4777 1465 1390 4851 1240 4836 1405 4867
1605 3068 1545 3083 1590 3023 3038 1680 3098 1695 3053 1755 1710 3188 1621 3203 1725 3144 3174 1651 3263 1666 3159 1801 1756 3233 1606 3218 1741 3264 3324 1696 3278 1681 3309 1771 1726 3368 1637 3383 1711 3294 3354 1667 3428 1652 3339 1802 1757 3398 1697 3413 1742 3429 3489 1727 3563 1712 3504 1772 1803 3534 1743 3519 1818 3474 3624 1773 3684 1788 3609 1833
5021 2261 5082 2276 5036 2201 2291 5052 2426 5067 2306 5006 4962 2336 5037 2321 4977 2275 2366 4992 2471 5007 2351 4947 4917 2425 4978 2410 4902 2290 2335 4842 2455 4857 2320 4872 4812 2485 4888 2470 4827 2350 2380 4783 2545 4798 2395 4737 4753 2439 4723 2454 4768 2409 2484 4693 2514 4708 2469 4662 4603 2529 4633 2544 4618 2394 2453 4558 2559 4543 2438 4632
131 5100 71 5115 146 4965 5040 101 5145 116 5055 191 161 5085 207 5070 176 4980 5010 251 5160 266 5025 236 311 5116 296 5101 326 4966 5071 387 5131 372 5086 356 446 5161 342 5176 431 5011 5132 492 5191 507 5147 476 552 5222 462 5237 567 5087 5177 522 5267 537 5162 597 672 5207 627 5192 687 5133 5238 657 5328 642 5223 732
4164 1761 4133 1746 4149 1776 1716 4209 1701 4224 1731 4194 4239 1672 4268 1657 4254 1807 1762 4313 1597 4298 1747 4344 4389 1702 4373 1687 4404 1777 1732 4463 1643 4448 1717 4374 4434 1673 4508 1658 4419 1823 1748 4493 1703 4478 1763 4524 4569 1733 4643 1718 4584 1778 1809 4614 1674 4599 1824 4539 4704 1764 4673 1749 4689 1839 1779 4764 1734 4749 1794 4629
438 3692 423 3616 378 3601 3586 468 3571 408 3556 393 498 3677 483 3512 452 3527 3602 513 3617 558 3482 543 573 3542 588 3452 497 3467 3498 632 3483 602 3437 617 662 3438 677 3392 527 3407 3348 737 3333 572 3362 587 646 3288 631 3318 616 3303 3243 706 3258 676 3227 661 721 3213 736 3168 571 3153 3108 766 3093 645 3138 630
4835 1135 4746 1120 4850 1060 1090 4820 1194 4805 1105 4775 4730 1149 4670 1164 4715 1014 1044 4685 1059 4700 1029 4654 4610 1104 4640 1089 4595 954 1013 4550 1134 4535 998 4580 4520 1148 4611 1163 4505 1043 1058 4475 1193 4490 1073 4415 4460 1223 4521 1208 4445 1088 1133 4431 1268 4416 1118 4370 4386 1192 4371 1177 4401 1162 1207 4341 1252 4326 1222 4295
1430 4027 1415 3922 1475 3907 3982 1355 3967 1460 3817 1445 1400 3951 1385 3877 1354 3892 3906 1250 3921 1295 3862 1310 1280 3876 1265 3831 1339 3816 3846 1115 3861 1189 3801 1174 1159 3815 1144 3755 1219 3770 3785 1069 3800 1114 3696 1129 1099 3710 1084 3650 1143 3635 3665 993 3680 1068 3605 1053 1038 3589 1023 3530 1083 3515 3544 933 3559 992 3455 1007
2585 4034 2690 4049 2600 4003 4093 2615 4004 2630 4108 2526 2571 4079 2721 4064 2556 4168 4123 2661 4154 2646 4138 2511 2601 4214 2691 4229 2586 4198 4273 2631 4199 2616 4288 2527 2572 4244 2722 4259 2557 4333 4303 2647 4334 2662 4318 2497 2602 4409 2692 4394 2587 4363 4453 2632 4364 2617 4468 2528 2558 4424 2723 4439 2573 4528 4498 2648 4529 2663 4483 2498
5604 1889 5695 1874 5589 1829 1844 5559 1904 5574 1859 5529 5500 1934 5665 1949 5515 1903 1994 5605 1979 5590 2009 5455 5545 2024 5560 2039 5530 2053 2098 5516 2129 5501 2083 5471 5456 2174 5591 2189 5441 2158 2248 5546 2204 5531 2233 5411 5381 2263 5472 2278 5396 2203 2308 5412 2323 5427 2293 5351 5322 2353 5352 2368 5337 2247 2277 5262 2383 5277 2262 5292
1797 5199 1857 5155 1842 5214 5154 1812 5169 1901 5184 1827 1736 5094 1886 5019 1871 5079 5033 1766 5064 1781 5049 1751 1676 4974 1826 4989 1811 4959 4944 1720 4914 1856 4899 1735 1765 4884 1870 4930 1885 4869 4779 1795 4854 1915 4839 1780 1825 4809 1930 4885 1945 4824 4719 1855 4795 1990 4780 1840 1869 4750 1914 4720 1899 4765 4659 1944 4690 1974 4705 1929
4089 1851 4104 1895 4045 1910 1926 4119 1941 4060 2001 4075 4225 1881 4210 1971 4150 1956 1896 4269 1911 4195 2046 4180 4240 1927 4255 2002 4285 1987 1957 4390 1972 4330 2017 4345 4375 2003 4360 2062 4315 2047 2018 4525 2033 4391 2107 4406 4465 1958 4450 2077 4361 2092 2123 4480 2108 4436 2168 4421 4571 2048 4586 2138 4496 2153 2093 4601 2078 4511 2198 4526
2507 3433 2492 3508 2417 3493 3358 2537 3343 2462 3402 2477 2446 3283 2431 3387 2327 3372 3328 2476 3313 2387 3432 2372 2401 3237 2416 3297 2342 3282 3252 2341 3267 2266 3357 2251 2296 3177 2281 3236 2221 3221 3191 2265 3206 2131 3296 2146 2206 3147 2191 3266 2101 3251 3116 2220 3101 2176 3161 2161 2130 3056 2145 3146 2070 3131 3086 2175 3071 2100 3055 2115
4847 685 4773 670 4832 610 535 4817 609 4802 520 4907 4877 550 4712 565 4862 475 490 4787 459 4772 505 4937 4846 415 4742 400 4831 445 355 4801 444 4816 340 4906 4861 370 4711 385 4876 295 325 4786 294 4771 310 4921 4845 235 4741 220 4830 250 175 4800 264 4815 160 4905 4860 205 4710 190 4875 115 145 4770 114 4785 130 4935
3828 709 3708 694 3813 770 740 3858 679 3843 725 3978 3888 649 3752 634 3873 665 590 3902 604 3917 575 3932 3977 560 3812 545 3962 530 500 3872 454 3887 485 4037 3931 395 3857 410 3946 440 335 3901 424 3916 350 4006 3961 365 3826 380 3976 290 305 3886 289 3871 320 3945 3915 259 3750 244 3900 170 185 3825 154 3810 200 3975
1715 4059 1730 3984 1850 3969 4044 1685 4029 1790 3954 1775 1760 3953 1745 3894 1805 3879 3908 1595 3923 1714 3819 1729 1655 3968 1670 3864 1744 3849 3818 1640 3833 1684 3758 1699 1534 3878 1549 3803 1609 3788 3772 1504 3757 1579 3713 1564 1429 3802 1414 3727 1474 3742 3697 1399 3712 1444 3637 1459 1309 3771 1294 3667 1428 3682 3726 1279 3741 1368 3622 1353
4181 2091 4196 2136 4121 2151 2121 4135 2106 4166 2211 4151 4061 2016 4076 2181 4016 2166 2045 4015 2060 4046 2135 4031 3940 1955 3955 2105 3971 2120 2015 3970 2030 3896 2165 3881 3910 1985 3925 2074 3866 2089 2059 3835 2044 3760 2104 3775 3790 1894 3805 1969 3730 1954 1924 3850 1939 3715 1984 3700 3759 1879 3774 1834 3685 1849 1804 3804 1819 3729 1908 3744
1015 4999 1000 4940 1045 4925 4970 956 4955 1091 4895 1106 1046 5029 1031 5045 1121 5060 5120 1016 5105 1061 5015 1076 1107 5135 1092 5075 1151 5090 5225 1032 5240 1137 5136 1122 1077 5285 1062 5210 1227 5195 5255 1017 5270 1152 5301 1167 1093 5330 1108 5345 1197 5360 5405 1033 5420 1123 5316 1138 1063 5465 1078 5390 1213 5375 5435 1018 5450 1168 5466 1153
4400 1072 4280 1057 4385 997 1042 4340 1117 4325 1027 4294 4235 1087 4190 1102 4250 952 996 4220 1071 4205 1011 4279 4129 1026 4160 1041 4114 981 951 4055 1086 4070 936 4144 4099 1010 4010 995 4084 921 980 4025 1055 4040 965 4009 3934 1040 3965 1025 3949 875 950 3875 1100 3890 935 3979 3904 994 3860 1009 3919 905 979 3769 1039 3754 964 3814
1423 5467 1363 5497 1378 5482 5422 1408 5376 1333 5391 1393 1468 5317 1303 5406 1318 5332 5257 1362 5361 1273 5346 1377 1437 5302 1347 5271 1332 5287 5227 1407 5196 1242 5211 1392 1467 5137 1317 5226 1302 5152 5122 1376 5181 1287 5166 1361 1391 5031 1346 5076 1331 5016 4972 1301 5046 1256 5061 1316 1360 4986 1271 4971 1286 5001 4927 1330 4896 1180 4911 1345
3139 810 3198 825 3124 855 916 3169 841 3154 901 3109 3184 871 3259 886 3199 931 1021 3214 961 3229 1036 3155 3305 1006 3364 991 3320 1051 1097 3350 1022 3335 1082 3290 3365 1052 3440 1067 3380 1141 1217 3395 1157 3410 1202 3351 3501 1187 3545 1172 3486 1247 1278 3516 1128 3531 1263 3456 3621 1203 3575 1218 3606 1293 1248 3681 1173 3666 1233 3546
5291 2082 5306 2157 5201 2142 2112 5215 2127 5231 2202 5246 5141 2022 5156 2172 5081 2187 2096 5185 2081 5111 2141 5126 5020 2066 5035 2126 5051 2111 2021 5050 2036 4961 2186 4976 4990 1991 5005 2080 4916 2095 2065 4915 2050 4931 2155 4946 4840 1960 4855 2125 4871 2110 2035 4810 2020 4781 2170 4796 4751 2064 4766 2094 4736 2079 2109 4675 2124 4706 2139 4691
262 4290 232 4305 247 4411 4381 322 4275 307 4396 277 352 4246 291 4231 337 4321 4306 382 4171 367 4291 442 502 4261 412 4276 487 4382 4247 471 4202 456 4232 532 562 4187 486 4172 547 4292 4277 606 4142 621 4262 592 651 4112 561 4127 636 4203 4143 681 4082 666 4158 711 726 4068 591 4053 741 4128 3993 650 4023 635 4008 771
4729 910 4834 925 4714 879 819 4774 895 4789 834 4759 4803 850 4879 865 4818 760 715 4848 820 4833 700 4878 4893 790 4939 805 4908 640 746 4998 761 4983 731 4968 5028 866 4954 851 5013 701 791 5104 881 5119 806 5073 5178 836 5074 821 5163 762 867 5134 912 5149 852 5193 5299 882 5164 897 5284 792 822 5224 957 5239 837 5314
137 3450 228 3465 122 3480 3435 242 3481 257 3420 167 197 3405 317 3390 182 3345 3270 212 3331 227 3285 106 256 3316 377 3301 241 3255 3210 286 3286 271 3225 166 301 3241 421 3256 316 3195 3151 331 3211 346 3166 255 361 3196 481 3181 376 3121 3106 391 3152 406 3091 270 420 3122 450 3137 435 3061 3046 495 3062 480 3031 375
4188 786 4219 891 4204 801 742 4263 816 4174 831 4278 4323 772 4234 922 4249 757 697 4308 847 4339 862 4293 4353 802 4384 877 4399 787 743 4443 817 4369 832 4458 4503 773 4429 908 4414 758 713 4488 863 4519 848 4473 4548 803 4564 878 4579 788 729 4623 833 4549 818 4638 4683 759 4594 924 4609 774 789 4653 864 4699 849 4668
2179 3641 2238 3581 2223 3656 3806 2209 3687 2283 3672 2194 2149 3746 2268 3642 2253 3731 3776 2284 3717 2344 3702 2299 2224 3867 2314 3747 2329 3852 3882 2269 3792 2374 3807 2254 2360 3837 2419 3777 2404 3822 3972 2375 3853 2464 3868 2390 2330 3912 2449 3823 2434 3927 3942 2465 3898 2540 3883 2480 2405 4033 2510 3958 2495 4048 4063 2450 3973 2555 3988 2435
1584 4657 1569 4703 1599 4688 4763 1524 4748 1539 4718 1554 1480 4807 1495 4778 1630 4793 4837 1420 4852 1570 4868 1585 1525 4897 1510 4928 1600 4943 5002 1466 4987 1555 4913 1540 1496 5047 1481 4973 1646 4958 5017 1436 5032 1571 5063 1586 1526 5077 1511 5108 1616 5123 5182 1482 5167 1556 5078 1541 1587 5212 1572 5138 1632 5153 5303 1512 5288 1602 5198 1617
2628 3659 2778 3629 2763 3644 3689 2673 3584 2748 3599 2688 2658 3539 2718 3554 2703 3524 3568 2612 3479 2777 3464 2627 2597 3509 2687 3419 2672 3494 3418 2657 3449 2747 3434 2642 2567 3344 2702 3284 2717 3359 3373 2611 3329 2671 3314 2626 2581 3223 2656 3269 2641 3238 3253 2551 3164 2701 3179 2566 2521 3208 2610 3119 2625 3193 3118 2595 3043 2655 3058 2580
1170 3096 1335 3111 1185 3200 3171 1276 3201 1261 3156 1201 1231 3246 1291 3261 1246 3321 3291 1336 3216 1321 3276 1277 1292 3322 1366 3307 1307 3381 3337 1442 3292 1457 3352 1397 1412 3382 1487 3367 1427 3457 3412 1577 3338 1562 3397 1502 1532 3503 1592 3488 1547 3547 3533 1623 3458 1638 3518 1488 1563 3623 1668 3608 1578 3577 3668 1593 3578 1608 3683 1548
2240 4047 2270 4032 2225 4106 4062 2361 4017 2346 4077 2301 2331 4167 2391 4152 2316 4227 4197 2421 4122 2406 4182 2256 2347 4287 2436 4272 2362 4242 4347 2377 4243 2392 4332 2302 2332 4317 2467 4302 2317 4392 4362 2422 4408 2407 4377 2272 2363 4452 2452 4467 2348 4422 4512 2393 4423 2378 4527 2303 2333 4482 2468 4497 2318 4587 4542 2408 4588 2423 4557 2273
5437 1499 5572 1544 5557 1484 1528 5527 1574 5633 1589 5542 5377 1543 5498 1604 5513 1558 1573 5468 1649 5603 1634 5483 5318 1618 5438 1679 5453 1603 1648 5378 1693 5514 1708 5393 5363 1768 5469 1738 5484 1753 1737 5334 1798 5439 1783 5319 5274 1828 5379 1888 5394 1813 1843 5349 1948 5485 1933 5364 5305 1917 5335 1963 5320 1902 1962 5275 2008 5380 1993 5260
128 4575 83 4560 143 4410 4515 113 4605 98 4500 188 173 4530 204 4545 158 4440 4485 248 4635 263 4470 323 293 4591 309 4606 278 4516 4531 384 4696 369 4546 338 428 4636 399 4621 443 4471 4562 473 4607 458 4577 488 518 4547 564 4532 533 4412 4502 608 4622 623 4517 548 593 4472 638 4487 578 4442 4428 668 4563 683 4413 637
237 5220 147 5280 132 5235 5190 252 5250 102 5265 267 297 5355 193 5310 208 5340 5326 238 5415 163 5400 223 328 5370 253 5445 268 5385 5416 283 5476 239 5461 298 448 5431 389 5506 374 5446 5462 404 5521 344 5536 419 463 5492 509 5551 494 5507 5432 569 5597 479 5582 554 599 5522 539 5612 524 5537 5508 674 5552 614 5567 689
811 3319 781 3304 826 3274 3349 767 3363 752 3334 917 857 3408 692 3393 842 3439 3484 797 3453 782 3499 887 812 3543 723 3558 827 3454 3529 753 3603 768 3514 903 843 3588 693 3573 858 3604 3679 798 3633 783 3664 873 828 3723 739 3738 813 3634 3709 754 3798 769 3694 919 859 3768 784 3753 844 3784 3844 814 3874 829 3859 874
4828 2619 4724 2740 4739 2634 2560 4799 2710 4829 2725 4784 4858 2665 4874 2695 4889 2650 2590 4949 2635 4904 2620 4934 4993 2561 4964 2726 4979 2576 2501 5038 2666 5054 2651 5023 5053 2591 5114 2636 5129 2606 2441 5098 2577 5144 2562 5083 5128 2547 5173 2667 5188 2532 2397 5143 2502 5218 2517 5158 5217 2472 5278 2592 5263 2487 2427 5293 2442 5248 2457 5308
1145 3950 1205 3935 1160 4026 4100 1190 3996 1175 4085 1131 1206 4056 1281 4071 1221 4115 4146 1236 4101 1251 4161 1191 1326 4116 1311 4131 1341 4176 4222 1386 4072 1401 4207 1312 1356 4147 1461 4162 1371 4252 4192 1416 4102 1431 4177 1462 1506 4132 1491 4117 1521 4282 4208 1581 4073 1566 4223 1492 1551 4148 1641 4163 1536 4238 4193 1596 4088 1611 4178 1642
