4779 1689 4794 1825 1719 4749 1734 4734 4689 1779 4704 1884 1809 4629 1824 4674
4590 39 4605 204 98 4560 113 4545 4500 158 4515 263 188 4440 203 4485
3333 601 3348 737 631 3303 646 3288 3243 691 3258 796 721 3183 736 3228
3486 1142 3501 1247 1172 3516 1187 3441 3456 1263 3471 1337 1293 3606 1308 3532
4413 607 4428 743 637 4383 652 4368 4323 697 4338 802 727 4263 742 4308
3878 1504 3893 1640 1534 3848 1549 3833 3788 1594 3803 1699 1624 3728 1639 3773
3152 420 3167 556 450 3122 465 3107 3062 510 3077 615 570 3002 585 3047
4234 786 4249 922 816 4204 831 4189 4144 876 4159 981 906 4084 921 4129
5133 611 5148 747 641 5103 656 5088 5043 701 5058 806 731 4983 746 5028
3512 422 3527 558 452 3482 467 3467 3422 512 3437 617 572 3362 587 3407
4954 790 4969 926 820 4924 835 4909 4864 880 4879 985 910 4804 925 4849
4958 1510 4973 1646 1540 4928 1555 4913 4868 1600 4883 1705 1630 4808 1645 4853
4230 37 4245 202 96 4200 111 4185 4140 156 4155 261 186 4080 201 4125
3880 1864 3895 2000 1894 3850 1909 3835 3790 1954 3805 2059 1984 3730 1999 3775
4596 1148 4611 1284 1178 4566 1193 4551 4506 1238 4521 1343 1268 4446 1283 4491
4417 1327 4432 1463 1357 4387 1372 4372 4327 1417 4342 1522 1447 4267 1462 4312
3522 2222 3537 2358 2252 3492 2267 3477 3432 2312 3447 2417 2342 3372 2357 3417
3701 2043 3716 2179 2073 3671 2088 3656 3611 2133 3626 2238 2163 3551 2178 3596
4594 788 4609 924 818 4564 833 4549 4504 878 4519 983 908 4444 923 4489
3514 782 3529 918 812 3484 827 3469 3424 872 3439 977 902 3364 917 3409
4059 1685 4074 1821 1715 4029 1730 4014 3969 1775 3984 1880 1805 3909 1820 3954
4602 2228 4617 2364 2258 4572 2273 4557 4512 2318 4527 2423 2348 4452 2363 4497
4411 247 4426 383 277 4381 292 4366 4321 337 4336 442 367 4261 382 4306
4232 426 4247 562 456 4202 471 4187 4142 516 4157 621 546 4082 561 4127
3882 2224 3897 2360 2254 3852 2269 3837 3792 2314 3807 2419 2344 3732 2359 3777
4242 2226 4257 2362 2256 4212 2271 4197 4152 2316 4167 2421 2346 4092 2361 4137
3518 1502 3533 1638 1532 3488 1547 3473 3428 1592 3443 1697 1622 3368 1637 3413
5137 1331 5152 1467 1361 5107 1376 5092 5047 1421 5062 1526 1451 4987 1466 5032
4962 2230 4977 2366 2260 4932 2275 4917 4872 2320 4887 2425 2350 4812 2365 4857
3335 961 3350 1097 991 3305 1006 3290 3245 1051 3260 1156 1081 3185 1096 3230
4051 245 4066 381 275 4021 290 4006 3961 335 3976 440 365 3901 380 3946
4236 1146 4251 1282 1176 4206 1191 4191 4146 1236 4161 1341 1266 4086 1281 4131
4773 609 4788 745 639 4743 654 4728 4683 699 4698 804 729 4623 744 4668
5316 1152 5331 1288 1182 5286 1197 5271 5226 1242 5241 1347 1272 5136 1287 5211
3331 241 3346 377 271 3301 286 3286 3241 331 3256 436 361 3181 376 3226
3510 62 3525 198 92 3480 107 3465 3420 152 3435 257 182 3360 197 3405
4600 1868 4615 2004 1898 4570 1913 4555 4510 1958 4525 2063 1988 4450 2003 4495
3337 1321 3352 1457 1351 3307 1366 3292 3247 1411 3262 1516 1441 3187 1456 3232
4775 969 4790 1105 999 4745 1014 4730 4685 1059 4700 1164 1089 4625 1104 4670
3520 1862 3535 1998 1892 3490 1907 3475 3430 1952 3445 2057 2012 3370 2027 3415
3156 1140 3171 1276 1170 3126 1185 3111 3066 1230 3081 1335 1290 3006 1305 3051
3876 1144 3891 1280 1174 3846 1189 3831 3786 1234 3801 1339 1264 3726 1279 3771
3691 243 3706 379 273 3661 288 3646 3601 333 3616 438 363 3541 378 3586
3339 1681 3354 1817 1711 3309 1726 3294 3249 1771 3264 1876 1801 3189 1816 3234
4238 1506 4253 1642 1536 4208 1551 4193 4148 1596 4163 1701 1626 4088 1641 4133
3870 35 3885 200 94 3840 109 3825 3780 154 3795 259 184 3720 199 3765
3162 2220 3177 2356 2250 3132 2265 3117 3072 2310 3087 2415 2340 2982 2355 3057
4210 1926 4225 1881 1896 4150 1911 4255 4180 2046 4195 2002 2017 4211 2032 4345
4771 249 4786 385 279 4741 294 4726 4681 339 4696 444 369 4621 384 4666
3341 2041 3356 2177 2071 3311 2086 3296 3251 2131 3266 2236 2161 3191 2176 3236
