157 4290 307 4321 367 4336 322 4305 172 4395 4350 247 4381 337 4291 352 4396 262 4365 112 188 4440 277 4351 427 4366 292 4455 203 4425 4500 218 4411 368 4441 383 4426 233 4515 143 158 4470 308 4501 398 4516 323 4485 173 4575 4530 248 4561 338 4471 353 4576 263 4545 113 189 4620 278 4531 428 4546 293 4635 204 4605 4680 219 4591 369 4621 384 4606 234 4695 144 249 4650 309 4681 399 4696 324 4665 264 4725 4800 279 4741 339 4651 354 4756 294 4815 205
2318 4482 2468 4513 2558 4528 2483 4497 2333 4587 4542 2408 4573 2498 4483 2513 4588 2423 4557 2273 2349 4632 2438 4543 2588 4558 2453 4647 2364 4617 4692 2379 4603 2529 4633 2544 4618 2394 4707 2304 2409 4662 2469 4693 2499 4708 2484 4677 2424 4737 4812 2439 4723 2589 4663 2604 4738 2454 4827 2395 2470 4783 2530 4813 2619 4828 2545 4798 2485 4857 4933 2500 4843 2650 4784 2665 4858 2515 4948 2425 2531 4903 2590 4934 2680 4949 2605 4918 2546 4978 5023 2561 4993 2620 4904 2635 5008 2576 5038 2516
1982 3400 2102 3461 2222 3476 2117 3415 1997 3325 3280 2012 3341 2132 3401 2147 3356 2027 3295 1906 2041 3311 2162 3371 2282 3386 2177 3326 2056 3265 3220 2071 3281 2192 3342 2207 3296 2086 3235 1996 2101 3251 2221 3312 2342 3327 2236 3266 2116 3205 3161 2131 3221 2281 3282 2296 3236 2146 3176 2026 2161 3191 2191 3162 2311 3177 2206 3206 2176 3146 3101 2220 3132 2341 3192 2356 3147 2235 3116 2115 2130 3041 2280 3102 2400 3117 2295 3056 2145 3086 3011 2190 2982 2310 3042 2325 2997 2205 3026 2175
1778 4479 1928 4510 1988 4525 1943 4494 1793 4584 4539 1868 4570 1958 4480 1973 4585 1883 4554 1733 1809 4629 1898 4540 2048 4555 1913 4644 1824 4614 4689 1839 4600 1989 4630 2004 4615 1854 4704 1764 1779 4659 1929 4690 2019 4705 1944 4674 1794 4764 4719 1869 4750 1959 4660 1974 4765 1884 4734 1734 1810 4809 1899 4720 2049 4735 1914 4824 1825 4794 4839 1930 4780 1990 4810 2005 4795 1945 4854 1795 1870 4930 1960 4870 2020 4885 1975 4945 1885 4914 4989 1900 4900 2050 4840 2065 4915 1915 5004 1856
4149 1776 4119 1926 4150 1941 4134 1791 4164 1761 1806 4089 1836 4060 1986 4075 1851 4104 1821 4074 3999 1865 4030 1895 4000 1910 4045 1880 4014 1730 1775 3939 1925 3970 2045 3985 1940 3954 1790 3984 3909 1835 3880 1955 3940 1970 3895 1850 3924 1820 1864 3850 1985 3910 2105 3925 2000 3865 1879 3834 3759 1894 3820 2015 3881 2030 3835 1909 3774 1789 1924 3790 2044 3851 2074 3866 2059 3805 1939 3744 3700 1954 3760 2104 3791 2119 3775 1969 3715 1908 1984 3730 2014 3701 2134 3716 2029 3745 1999 3685
1590 3068 1650 2979 1800 2994 1665 3083 1605 3143 3098 1680 3038 1740 3069 1755 3053 1695 3113 1545 1621 3188 1710 3129 1770 3144 1725 3203 1636 3173 3248 1651 3159 1801 3099 1816 3174 1666 3263 1576 1591 3218 1741 3249 1831 3264 1756 3233 1606 3323 3278 1681 3309 1771 3219 1786 3324 1696 3293 1546 1622 3368 1711 3279 1861 3294 1726 3383 1637 3353 3398 1742 3339 1802 3369 1817 3354 1757 3413 1607 1682 3489 1772 3399 1922 3414 1787 3504 1697 3473 3548 1712 3459 1862 3490 1877 3474 1727 3563 1638
2312 3402 2462 3433 2552 3448 2477 3417 2327 3507 3462 2402 3493 2492 3403 2507 3508 2417 3477 2267 2343 3552 2432 3463 2582 3478 2447 3567 2358 3537 3612 2373 3523 2523 3553 2538 3538 2388 3627 2298 2403 3582 2463 3613 2493 3628 2478 3597 2418 3657 3732 2433 3643 2583 3583 2598 3658 2448 3747 2389 2464 3703 2524 3733 2613 3748 2539 3718 2479 3777 3853 2494 3763 2644 3704 2659 3778 2509 3868 2419 2525 3823 2584 3854 2674 3869 2599 3838 2540 3898 3943 2555 3913 2614 3824 2629 3928 2570 3958 2510
154 3750 304 3781 364 3796 319 3765 169 3855 3810 244 3841 334 3751 349 3856 259 3825 109 185 3900 274 3811 424 3826 289 3915 200 3885 3960 215 3871 365 3901 380 3886 230 3975 140 155 3930 305 3961 335 3976 320 3945 170 4035 3990 245 4021 275 3991 290 4036 260 4005 110 186 4080 216 4051 366 4066 231 4095 201 4065 4140 156 4110 306 4141 321 4125 171 4155 141 96 4170 246 4201 336 4216 261 4185 111 4215 4230 187 4260 276 4171 291 4275 202 4245 81
2973 720 3003 750 2944 765 3018 735 2988 675 690 3033 840 2974 900 2989 855 3048 705 3078 3093 780 3124 870 3034 885 3139 795 3108 645 721 3183 810 3094 960 3109 825 3198 736 3168 3243 751 3154 901 3184 916 3169 766 3258 676 691 3213 841 3244 871 3259 856 3228 706 3318 3273 781 3304 811 3274 826 3319 796 3288 646 722 3363 752 3334 902 3349 767 3378 737 3348 3423 692 3393 842 3424 857 3408 707 3438 677 632 3453 782 3484 812 3499 797 3468 647 3498
1571 5048 1691 5109 1721 5124 1706 5063 1586 5002 5017 1541 5078 1662 5139 1677 5093 1556 5032 1436 1511 5108 1632 5168 1752 5183 1647 5123 1526 5092 5167 1482 5138 1602 5198 1617 5153 1497 5182 1467 1422 5197 1572 5258 1692 5273 1587 5212 1437 5242 5257 1512 5288 1633 5348 1648 5303 1527 5272 1377 1453 5347 1483 5318 1603 5333 1498 5362 1468 5332 5407 1423 5377 1573 5408 1588 5392 1438 5422 1408 1363 5437 1513 5468 1543 5483 1528 5452 1378 5482 5497 1454 5527 1484 5498 1499 5542 1469 5512 1348
5584 884 5554 1034 5615 1049 5569 899 5599 869 914 5524 944 5495 1064 5510 959 5539 929 5509 5434 973 5465 1094 5525 1109 5480 988 5449 838 883 5374 1033 5435 1153 5450 1048 5389 898 5419 5344 943 5315 1063 5375 1078 5330 958 5359 928 972 5285 1093 5345 1213 5360 1108 5300 987 5269 5194 1002 5255 1123 5316 1138 5270 1017 5209 897 1032 5225 1152 5286 1273 5301 1167 5240 1047 5179 5135 1062 5195 1182 5256 1197 5210 1077 5150 1016 1092 5165 1212 5226 1332 5241 1227 5180 1107 5090
5320 1963 5380 2113 5441 2128 5395 1978 5335 1887 1993 5350 2023 5321 2143 5336 2038 5365 2008 5305 5260 2052 5291 2173 5351 2188 5306 2067 5275 1917 1962 5200 2112 5261 2232 5276 2127 5215 1977 5245 5170 2022 5141 2142 5231 2157 5156 2037 5185 2007 2051 5111 2172 5171 2202 5186 2187 5126 2066 5095 5020 2111 5081 2231 5112 2246 5096 2126 5035 1976 2021 4961 2141 5021 2291 5036 2156 4976 2036 5005 4931 2171 4991 2201 4962 2216 5006 2186 4946 2095 2140 4901 2230 4932 2260 4947 2245 4916 2155 4886
4835 1120 4776 1270 4806 1285 4791 1135 4850 1075 1090 4805 1179 4716 1329 4731 1194 4820 1105 4790 4715 1149 4746 1239 4656 1254 4761 1164 4730 1014 1059 4655 1209 4686 1299 4701 1224 4670 1074 4760 4685 1119 4596 1269 4626 1284 4611 1134 4700 1044 1089 4625 1178 4536 1328 4551 1193 4640 1104 4610 4535 1148 4566 1238 4506 1253 4581 1163 4550 1013 1058 4475 1208 4416 1268 4431 1223 4490 1073 4580 4505 1118 4445 1177 4356 1192 4460 1133 4520 1043 1088 4355 1147 4386 1207 4401 1162 4370 1103 4430
516 4112 666 4143 756 4158 681 4127 531 4217 4172 606 4203 696 4113 711 4218 621 4187 471 547 4262 636 4173 786 4188 651 4277 562 4247 4322 577 4233 727 4263 742 4248 592 4337 502 607 4292 667 4323 697 4338 682 4307 622 4367 4442 637 4353 787 4293 802 4368 652 4457 563 578 4413 728 4443 817 4458 743 4428 593 4517 4472 668 4503 758 4414 773 4518 683 4487 533 608 4563 698 4473 848 4488 713 4578 623 4547 4593 638 4533 788 4564 803 4548 653 4608 594
874 3754 1024 3785 1084 3800 1039 3769 889 3859 3814 964 3845 1054 3755 1069 3860 979 3829 829 905 3904 994 3815 1144 3830 1009 3919 920 3889 3964 935 3875 1085 3905 1100 3890 950 3979 860 875 3934 1025 3965 1115 3980 1040 3949 890 4039 3994 965 4025 1055 3935 1070 4040 980 4009 830 906 4084 995 3995 1145 4010 1010 4099 921 4069 4114 1026 4055 1086 4085 1101 4070 1041 4129 891 966 4205 1056 4145 1116 4160 1071 4220 981 4189 4264 996 4175 1146 4115 1161 4190 1011 4279 952
160 4830 310 4861 370 4876 325 4845 175 4935 4890 250 4921 340 4831 355 4936 265 4905 115 191 4980 280 4891 430 4906 295 4995 206 4965 5040 221 4951 371 4981 386 4966 236 5055 146 161 5010 311 5041 401 5056 326 5025 176 5115 5070 251 5101 341 5011 356 5116 266 5085 116 192 5160 281 5071 431 5086 296 5175 207 5145 5190 312 5131 372 5161 387 5146 327 5205 177 252 5281 342 5221 402 5236 357 5296 267 5265 5340 282 5251 432 5191 447 5266 297 5355 238
699 4653 849 4684 909 4699 864 4668 714 4758 4713 789 4744 879 4654 894 4759 804 4728 654 730 4803 819 4714 969 4729 834 4818 745 4788 4863 760 4774 910 4804 925 4789 775 4878 685 700 4833 850 4864 940 4879 865 4848 715 4938 4893 790 4924 880 4834 895 4939 805 4908 655 731 4983 820 4894 970 4909 835 4998 746 4968 5013 851 4954 911 4984 926 4969 866 5028 716 791 5104 881 5044 941 5059 896 5119 806 5088 5134 912 5074 971 5014 986 5089 927 5149 777
2471 5053 2591 5114 2712 5129 2606 5068 2486 5007 5022 2441 5083 2562 5144 2577 5098 2456 5037 2336 2411 5113 2532 5173 2652 5188 2547 5128 2426 5097 5172 2382 5143 2502 5203 2517 5158 2397 5187 2367 2322 5202 2472 5263 2592 5278 2487 5217 2337 5247 5262 2412 5293 2533 5353 2548 5308 2427 5277 2277 2353 5352 2383 5323 2503 5338 2398 5367 2368 5337 5412 2323 5382 2473 5443 2488 5397 2338 5427 2308 2263 5442 2413 5473 2534 5488 2428 5457 2278 5487 5502 2354 5532 2384 5503 2399 5547 2369 5517 2248
513 3572 663 3603 723 3618 678 3587 528 3677 3632 603 3663 693 3573 708 3678 618 3647 468 544 3722 633 3633 783 3648 648 3737 559 3707 3782 574 3693 724 3723 739 3708 589 3797 499 514 3752 664 3783 754 3798 679 3767 529 3857 3812 604 3843 694 3753 709 3858 619 3827 469 545 3902 634 3813 784 3828 649 3917 560 3887 3932 665 3873 725 3903 740 3888 680 3947 530 605 4023 695 3963 755 3978 710 4038 620 4007 4082 635 3993 785 3933 800 4008 650 4097 591
1234 3756 1384 3787 1444 3802 1399 3771 1249 3861 3816 1324 3847 1414 3757 1429 3862 1339 3831 1189 1265 3906 1354 3817 1504 3832 1369 3921 1280 3891 3966 1295 3877 1445 3907 1460 3892 1310 3981 1220 1235 3936 1385 3967 1475 3982 1400 3951 1250 4041 3996 1325 4027 1415 3937 1430 4042 1340 4011 1190 1266 4086 1355 3997 1505 4012 1370 4101 1281 4071 4116 1386 4057 1446 4087 1461 4072 1401 4131 1251 1326 4207 1416 4147 1476 4162 1431 4222 1341 4191 4266 1356 4177 1506 4117 1521 4192 1371 4281 1282
1050 3035 1200 3066 1290 3081 1215 3050 1065 3140 3095 1140 3126 1230 3036 1245 3141 1155 3110 1005 1081 3185 1170 3096 1320 3111 1185 3200 1096 3170 3245 1111 3156 1261 3186 1276 3171 1126 3260 1036 1051 3215 1201 3246 1231 3261 1216 3230 1066 3320 3275 1141 3306 1171 3276 1186 3321 1156 3290 1006 1082 3365 1112 3336 1262 3351 1127 3380 1097 3350 3425 1052 3395 1202 3426 1217 3410 1067 3440 1037 992 3455 1142 3486 1172 3501 1157 3470 1007 3500 3515 1083 3545 1113 3516 1128 3560 1098 3530 977
2135 3941 2285 3972 2375 3987 2300 3956 2150 4046 4001 2225 4032 2315 3942 2330 4047 2240 4016 2090 2166 4091 2255 4002 2405 4017 2270 4106 2181 4076 4151 2196 4062 2346 4092 2361 4077 2211 4166 2121 2136 4121 2286 4152 2376 4167 2301 4136 2151 4226 4181 2226 4212 2316 4122 2331 4227 2241 4196 2182 2197 4271 2256 4182 2406 4197 2271 4286 2212 4346 4301 2287 4242 2347 4272 2362 4257 2302 4316 2152 2227 4392 2317 4332 2377 4347 2332 4407 2242 4376 4451 2257 4362 2407 4302 2422 4377 2272 4466 2213
150 3030 300 3061 390 3076 315 3045 165 3135 3090 240 3121 330 3031 345 3136 255 3105 105 181 3180 270 3091 420 3106 285 3195 196 3165 3240 211 3151 361 3181 376 3166 226 3255 136 151 3210 301 3241 391 3256 316 3225 166 3315 3270 241 3301 331 3211 346 3316 256 3285 106 182 3360 271 3271 421 3286 286 3375 197 3345 3420 212 3331 362 3361 377 3346 227 3435 137 152 3390 302 3421 392 3436 317 3405 167 3495 3450 242 3481 332 3391 347 3496 257 3465 107
5582 524 5552 674 5583 689 5567 539 5597 509 554 5522 584 5493 734 5508 599 5537 569 5507 5432 613 5463 643 5433 658 5478 628 5447 478 523 5372 673 5403 703 5418 688 5387 538 5477 5402 583 5313 733 5343 748 5328 598 5417 508 553 5342 642 5253 792 5268 657 5357 568 5327 5252 612 5283 702 5223 717 5298 627 5267 477 522 5192 672 5133 732 5148 687 5207 537 5297 5222 582 5162 641 5103 656 5177 597 5237 507 552 5072 611 5012 671 5027 626 5087 567 5147
1417 4297 1567 4328 1627 4343 1582 4312 1432 4402 4357 1507 4388 1597 4298 1612 4403 1522 4372 1372 1448 4447 1537 4358 1687 4373 1552 4462 1463 4432 4507 1478 4418 1628 4448 1643 4433 1493 4522 1403 1418 4477 1568 4508 1658 4523 1583 4492 1433 4582 4537 1508 4568 1598 4478 1613 4583 1523 4552 1373 1449 4627 1538 4538 1688 4553 1553 4642 1464 4612 4657 1569 4598 1629 4628 1644 4613 1584 4672 1434 1509 4748 1599 4688 1659 4703 1614 4763 1524 4732 4807 1539 4718 1689 4658 1704 4733 1554 4822 1495
