879 4654 1029 4685 1119 1134 4700 1044 4669 894 4699 4714 969 4745 1059 4655 4670 1074 4760 984 4729 834 910 4804 999 4715 1149 1164 4730 1014 4819 925 4789 4864 940 4775 1090 4805 4820 1105 4790 955 4879 865 880 4834 1030 4865 1120 1135 4880 1045 4849 895 4939 4894 970 4925 1060 4835 4850 1075 4940 985 4909 835 911 4984 1000 4895 1150 1165 4910 1015 4999 926 4969 5044 941 4955 1091 4985 5000 1106 4970 956 5059 866 881 5014 1031 5045 1061 1076 5060 1046 5029 896 5119 5074 971 5105 1001 5075 5090 1016 5120 986 5089 836 912 5164 942 5135 1092 1107 5150 957 5179 927 5149
279 4771 310 4921 250 265 4936 325 4786 294 4696 4711 370 4861 280 4951 4966 295 4876 385 4726 354 429 4801 340 4891 371 386 4906 355 4816 444 4666 4742 400 4831 430 4981 4996 445 4846 415 4757 474 550 4772 490 4922 401 416 4937 505 4787 565 4727 4802 520 4862 460 4952 4967 475 4877 535 4817 595 670 4832 610 4892 551 566 4907 625 4847 685 4788 4923 640 4982 581 5042 5057 596 4997 655 4938 715 731 4953 671 5012 521 536 5027 686 4968 746 4908 5043 701 5103 611 5072 5087 626 5118 716 5058 776 791 5073 641 5133 582 597 5148 656 5088 806 5028
875 3934 1025 3965 1115 1130 3980 1040 3949 890 4039 3994 965 4025 1055 3935 3950 1070 4040 980 4009 830 906 4084 995 3995 1145 1160 4010 1010 4099 921 4069 4144 936 4055 1086 4085 4100 1101 4070 951 4159 861 876 4114 1026 4145 1116 1131 4160 1041 4129 891 4219 4174 966 4205 1056 4115 4130 1071 4220 981 4189 831 907 4264 996 4175 1146 1161 4190 1011 4279 922 4249 4324 937 4235 1087 4265 4280 1102 4250 952 4339 862 877 4294 1027 4325 1117 1132 4340 1042 4309 892 4399 4354 967 4385 1057 4295 4310 1072 4400 982 4369 923 938 4444 997 4355 1147 1162 4370 1012 4459 953 4489
277 4411 308 4561 248 263 4576 323 4426 292 4396 4351 368 4501 278 4591 4606 293 4516 383 4366 352 427 4441 338 4531 369 384 4546 353 4456 442 4306 4382 398 4471 428 4621 4636 443 4486 413 4397 472 548 4412 488 4562 399 414 4577 503 4427 563 4367 4442 518 4502 458 4592 4607 473 4517 533 4457 622 578 4472 608 4532 549 564 4547 623 4487 593 4398 4413 668 4563 579 4622 4637 594 4578 683 4428 652 728 4503 638 4593 669 684 4608 653 4518 743 4368 4443 698 4533 729 4683 4698 744 4548 713 4458 802 758 4473 788 4623 699 714 4638 803 4488 773 4429
1595 3938 1745 3969 1805 1820 3984 1760 3953 1610 4043 3998 1685 4029 1775 3939 3954 1790 4044 1700 4013 1550 1626 4088 1715 3999 1865 1880 4014 1730 4103 1641 4073 4148 1656 4059 1806 4089 4104 1821 4074 1671 4163 1581 1596 4118 1746 4149 1836 1851 4164 1761 4133 1611 4223 4178 1686 4209 1776 4119 4134 1791 4224 1701 4193 1642 1657 4239 1807 4179 1866 1881 4194 1822 4254 1672 4343 4298 1747 4329 1837 4269 4284 1852 4344 1762 4313 1702 1717 4389 1777 4299 1927 1942 4314 1792 4404 1732 4463 4419 1808 4359 1867 4390 4405 1882 4374 1823 4434 1763 1778 4509 1838 4420 1988 2003 4435 1853 4524 1793 4554
1238 4476 1388 4507 1478 1493 4522 1403 4491 1253 4581 4536 1328 4567 1418 4477 4492 1433 4582 1343 4551 1193 1269 4626 1358 4537 1508 1523 4552 1373 4641 1284 4611 4686 1299 4597 1449 4627 4642 1464 4612 1314 4701 1224 1239 4656 1389 4687 1479 1494 4702 1404 4671 1254 4761 4716 1329 4747 1419 4657 4672 1434 4762 1344 4731 1285 1300 4806 1359 4717 1509 1524 4732 1374 4821 1315 4881 4836 1390 4777 1450 4807 4822 1465 4792 1405 4851 1255 1330 4927 1420 4867 1480 1495 4882 1435 4942 1345 4911 4986 1360 4897 1510 4837 4852 1525 4912 1375 5001 1316 1391 4957 1451 4987 1540 1555 5002 1466 4972 1406 5031
333 3571 483 3602 543 558 3617 498 3586 348 3676 3631 423 3662 513 3572 3587 528 3677 438 3646 288 364 3721 453 3632 603 618 3647 468 3736 379 3706 3781 394 3692 544 3722 3737 559 3707 409 3796 319 334 3751 484 3782 574 589 3797 499 3766 349 3856 3811 424 3842 514 3752 3767 529 3857 439 3826 380 395 3872 545 3812 604 619 3827 560 3887 410 3976 3931 485 3962 575 3902 3917 590 3977 500 3946 440 455 4022 515 3932 665 680 3947 530 4037 470 4096 4052 546 3992 605 4023 4038 620 4007 561 4067 501 516 4142 576 4053 635 650 4068 591 4157 531 4217
2319 4662 2469 4693 2529 2544 4708 2484 4677 2334 4767 4722 2409 4753 2499 4663 4678 2514 4768 2424 4737 2274 2350 4812 2439 4723 2589 2604 4738 2454 4827 2365 4797 4872 2380 4783 2530 4813 4828 2545 4798 2395 4887 2305 2410 4842 2470 4873 2500 2515 4888 2485 4857 2425 4917 4992 2440 4903 2590 4843 4858 2605 4918 2455 5007 2366 2471 4963 2531 4993 2620 2635 5008 2546 4978 2486 5037 5113 2501 5053 2561 4964 4979 2576 5068 2516 5128 2456 2532 5083 2591 5023 2651 2666 5038 2606 5098 2547 5158 5233 2562 5173 2621 5084 5099 2636 5188 2577 5248 2487 2502 5203 2652 5144 2712 2727 5159 2667 5218 2517 5278
1326 4207 1416 4117 1476 1491 4132 1431 4222 1341 4191 4116 1386 4057 1446 4087 4102 1461 4072 1401 4131 1251 1266 4086 1355 3997 1505 1520 4012 1370 4101 1281 4071 3996 1325 4027 1415 3937 3952 1430 4042 1340 4011 1190 1235 3936 1385 3967 1475 1490 3982 1400 3951 1250 4041 3966 1295 3877 1445 3907 3922 1460 3892 1310 3981 1220 1265 3906 1354 3817 1504 1519 3832 1369 3921 1280 3891 3816 1324 3847 1414 3757 3772 1429 3862 1339 3831 1189 1234 3756 1384 3787 1474 1489 3802 1399 3771 1249 3861 3786 1294 3697 1444 3637 3652 1459 3712 1309 3801 1219 1264 3726 1353 3667 1383 1398 3682 1368 3741 1279 3711
2315 3942 2465 3973 2525 2540 3988 2480 3957 2330 4047 4002 2405 4033 2495 3943 3958 2510 4048 2420 4017 2270 2346 4092 2435 4003 2585 2600 4018 2450 4107 2361 4077 4152 2376 4063 2526 4093 4108 2541 4078 2391 4167 2301 2406 4122 2466 4153 2496 2511 4168 2481 4137 2421 4197 4272 2436 4183 2586 4123 4138 2601 4198 2451 4287 2362 2467 4243 2527 4273 2616 2631 4288 2542 4258 2482 4317 4393 2497 4333 2557 4244 4259 2572 4348 2512 4408 2452 2528 4363 2587 4303 2647 2662 4318 2602 4378 2543 4438 4513 2558 4453 2617 4364 4379 2632 4468 2573 4528 2483 2498 4483 2648 4424 2708 2723 4439 2663 4498 2513 4558
3933 845 3964 935 3845 3860 950 3979 860 3948 710 755 3874 905 3814 964 979 3829 920 3889 770 3918 3813 784 3844 874 3754 3769 889 3859 799 3828 740 694 3753 844 3784 934 949 3799 859 3768 709 3858 3783 754 3694 904 3724 3739 919 3709 769 3798 679 724 3723 813 3634 963 978 3649 828 3738 739 3708 3633 783 3664 873 3604 3619 888 3679 798 3648 648 693 3573 843 3514 903 918 3529 858 3588 708 3678 3603 753 3543 812 3484 3499 827 3558 768 3618 678 723 3453 782 3393 842 857 3408 797 3468 738 3528 3483 692 3423 752 3363 3378 767 3438 707 3498 647
1050 3035 1200 3066 1290 1305 3081 1215 3050 1065 3140 3095 1140 3126 1230 3036 3051 1245 3141 1155 3110 1005 1081 3185 1170 3096 1320 1335 3111 1185 3200 1096 3170 3245 1111 3156 1261 3186 3201 1276 3171 1126 3260 1036 1051 3215 1201 3246 1291 1306 3261 1216 3230 1066 3320 3275 1141 3306 1231 3216 3231 1246 3321 1156 3290 1006 1082 3365 1171 3276 1321 1336 3291 1186 3380 1097 3350 3425 1112 3336 1262 3366 3381 1277 3351 1127 3440 1037 1052 3395 1202 3426 1232 1247 3441 1217 3410 1067 3500 3455 1142 3486 1172 3456 3471 1187 3501 1157 3470 1007 1083 3545 1113 3516 1263 1278 3531 1128 3560 1098 3530
1560 3068 1650 2979 1800 1815 2994 1665 3083 1575 3143 3098 1680 3038 1740 3069 3084 1755 3053 1695 3113 1545 1621 3188 1710 3129 1770 1785 3144 1725 3203 1636 3173 3248 1651 3159 1801 3099 3114 1816 3174 1666 3263 1576 1591 3218 1741 3249 1831 1846 3264 1756 3233 1606 3323 3278 1681 3309 1771 3219 3234 1786 3324 1696 3293 1546 1622 3368 1711 3279 1861 1876 3294 1726 3383 1637 3353 3428 1652 3339 1802 3369 3384 1817 3354 1667 3443 1607 1682 3398 1742 3429 1772 1787 3444 1757 3413 1697 3473 3548 1712 3459 1862 3399 3414 1877 3474 1727 3563 1668 1743 3519 1803 3549 1892 1907 3564 1818 3534 1758 3593
2281 3162 2250 3072 2340 2355 3087 2265 3177 2296 3327 3252 2341 3102 2310 3012 3027 2325 3117 2356 3267 2266 2311 3192 2400 3042 2460 2475 3057 2415 3207 2326 3297 3222 2371 3133 2430 3073 3088 2445 3148 2386 3237 2416 2461 3163 2521 3103 2580 2595 3118 2536 3178 2476 3328 3253 2491 3193 2551 3134 3149 2566 3208 2506 3268 2446 2581 3223 2641 3164 2701 2716 3179 2656 3238 2596 3298 3373 2611 3314 2671 3224 3239 2686 3329 2626 3388 2537 2552 3344 2702 3284 2761 2776 3299 2717 3359 2567 3448 3403 2642 3434 2732 3374 3389 2747 3449 2657 3418 2507 2582 3494 2672 3404 2822 2837 3419 2687 3509 2597 3478
270 3151 301 3301 241 256 3316 316 3166 285 3136 3091 361 3241 271 3331 3346 286 3256 376 3106 345 420 3181 331 3271 362 377 3286 346 3196 435 3046 3122 391 3211 421 3361 3376 436 3226 406 3137 495 450 3152 481 3302 451 466 3317 496 3167 465 3077 3092 541 3242 511 3272 3287 526 3257 556 3107 525 600 3182 571 3212 601 616 3227 586 3197 615 3047 3123 630 3153 661 3303 3318 676 3168 645 3138 675 690 3093 721 3243 631 646 3258 736 3108 705 3078 3033 780 3183 691 3273 3288 706 3198 795 3048 765 840 3124 751 3213 781 796 3228 766 3139 855 2989
1599 4658 1749 4689 1839 1854 4704 1764 4673 1614 4703 4718 1689 4749 1779 4659 4674 1794 4764 1704 4733 1554 1630 4808 1719 4719 1869 1884 4734 1734 4823 1645 4793 4868 1660 4779 1810 4809 4824 1825 4794 1675 4883 1585 1690 4838 1750 4869 1840 1855 4884 1765 4853 1705 4913 4988 1720 4929 1780 4839 4854 1795 4944 1735 5003 1646 1661 4959 1811 4899 1870 1885 4914 1826 4974 1676 5063 5018 1751 5049 1841 4960 4975 1856 5064 1766 5033 1706 1721 5079 1871 5019 1931 1946 5034 1886 5094 1736 5183 5139 1812 5169 1901 5080 5095 1916 5184 1827 5154 1677 1752 5229 1842 5140 1992 2007 5155 1857 5244 1767 5213
1895 4000 2016 4061 2166 2181 4076 2031 4015 1910 4045 3970 2045 4031 2075 4001 4016 2090 4046 2060 3985 1940 1955 3940 2105 3971 2225 2240 3986 2120 3955 1970 3895 3910 2015 3881 2135 3941 3956 2150 3896 2030 3925 2000 2044 3851 2165 3911 2195 2210 3926 2180 3866 2059 3835 3760 2074 3821 2224 3852 3867 2239 3836 2089 3775 1969 2104 3791 2134 3761 2254 2269 3776 2149 3806 2119 3745 3701 2164 3731 2284 3792 3807 2299 3746 2179 3716 2029 2073 3641 2194 3702 2344 2359 3717 2209 3656 2088 3686 3611 2223 3672 2253 3642 3657 2268 3687 2238 3626 2148 2163 3581 2283 3612 2403 2418 3627 2298 3596 2178 3566
1033 5315 1002 5285 1032 1047 5300 1017 5330 1048 5480 5405 1093 5255 1062 5225 5240 1077 5270 1108 5420 1018 1063 5345 1152 5195 1122 1137 5210 1167 5360 1078 5450 5375 1123 5286 1212 5136 5151 1227 5301 1138 5390 1168 1213 5316 1182 5226 1272 1287 5241 1197 5331 1228 5481 5406 1273 5256 1242 5166 5181 1257 5271 1288 5421 1198 1243 5346 1332 5196 1302 1317 5211 1347 5361 1258 5451 5376 1303 5287 1392 5137 5152 1407 5302 1318 5391 1348 1393 5317 1453 5257 1422 1437 5272 1468 5332 1408 5482 5437 1423 5347 1512 5197 5212 1527 5362 1438 5452 1378 1513 5377 1573 5318 1542 1557 5333 1588 5392 1528 5422
1959 4660 2109 4691 2169 2184 4706 2124 4675 1974 4765 4720 2049 4751 2139 4661 4676 2154 4766 2064 4735 1914 1990 4810 2079 4721 2229 2244 4736 2094 4825 2005 4795 4870 2020 4781 2170 4811 4826 2185 4796 2035 4885 1945 1960 4840 2110 4871 2200 2215 4886 2125 4855 1975 4945 4900 2050 4931 2140 4841 4856 2155 4946 2065 4915 2006 2021 4961 2171 4901 2230 2245 4916 2186 4976 2036 5065 5020 2111 5051 2201 4991 5006 2216 5066 2126 5035 2066 2081 5111 2141 5021 2291 2306 5036 2156 5126 2096 5185 5141 2172 5081 2231 5112 5127 2246 5096 2187 5156 2127 2142 5231 2202 5142 2261 2276 5157 2217 5246 2157 5306
