5310 193 5340 313 5355 208 5325 87 102 5250 252 5311 267 5265 117 5295 5220 162 5190 282 5205 177 5235 147 192 5160 312 5221 327 5175 207 5145 
5070 222 5131 342 5146 237 5085 116 251 5101 372 5161 387 5116 266 5055 5010 281 5071 431 5086 296 5025 206 311 5041 341 5011 356 5056 326 4995
1922 3340 1982 3280 1997 3355 1937 3414 3369 1891 3310 1951 3325 1906 3384 1817 1861 3219 1921 3250 1936 3234 1876 3294 3249 1831 3160 1981 3175 1846 3264 1756 
1801 3189 1890 3100 1905 3204 1816 3174 3099 1860 3130 1950 3145 1875 3114 1725 1770 3039 1920 2980 1935 3054 1785 3144 3069 1800 3009 1830 3024 1815 3084 1755
3698 1624 3728 1744 3743 1639 3713 1518 1533 3638 1683 3699 1698 3653 1548 3683 3608 1593 3578 1713 3593 1608 3623 1578 1623 3548 1743 3639 1758 3563 1638 3533 
3458 1653 3519 1773 3534 1668 3473 1547 1682 3489 1803 3609 1818 3504 1697 3443 3398 1712 3459 1833 3474 1727 3413 1607 1742 3429 1862 3520 1877 3444 1757 3383
4777 1450 4807 1570 4822 1465 4792 1344 1359 4717 1509 4778 1524 4732 1374 4762 4687 1419 4657 1539 4672 1434 4702 1404 1449 4627 1569 4688 1584 4642 1464 4612 
4537 1479 4598 1599 4613 1494 4552 1373 1508 4568 1629 4658 1644 4583 1523 4522 4477 1538 4538 1659 4553 1553 4492 1463 1568 4508 1688 4628 1703 4523 1583 4462
4961 2171 4991 2291 5006 2186 4976 2065 2080 4901 2230 4962 2245 4916 2095 4946 4871 2140 4841 2260 4856 2155 4886 2125 2170 4811 2290 4872 2305 4826 2185 4796 
4721 2200 4782 2320 4797 2215 4736 2094 2229 4752 2350 4812 2365 4767 2244 4706 4661 2259 4722 2380 4737 2274 4676 2154 2289 4692 2409 4753 2424 4707 2304 4646
1472 3338 1622 3278 1637 3353 1487 3412 3367 1531 3308 1591 3323 1546 3382 1457 1501 3217 1561 3248 1576 3232 1516 3292 3247 1471 3158 1621 3173 1486 3262 1426 
1441 3187 1530 3098 1545 3202 1456 3172 3097 1500 3128 1590 3143 1515 3112 1365 1410 3037 1560 2978 1575 3052 1425 3142 3067 1440 3007 1470 3022 1455 3082 1395
1391 4957 1360 4927 1375 4972 1406 5122 5047 1451 4897 1420 4912 1466 5062 1376 1421 4987 1510 4837 1525 5002 1436 5092 5017 1481 4928 1540 4943 1496 5032 1526 
1571 4958 1631 4898 1646 4973 1586 5123 5078 1601 4988 1690 5003 1616 5093 1647 1691 5018 1661 4929 1676 5033 1706 5183 5109 1751 4959 1811 4974 1766 5124 1677
4240 1927 4390 1867 4405 1942 4255 1911 1987 4330 1897 4420 1912 4345 2002 4195 4270 1957 4360 1988 4375 1972 4285 2061 2017 4300 2047 4450 2062 4315 2032 4226 
4241 2107 4391 2077 4406 2122 4256 2091 2167 4331 2137 4361 2152 4346 2182 4196 4271 2197 4301 2227 4316 2212 4286 2241 2256 4242 2287 4392 2302 4257 2271 4136
4770 190 4800 310 4815 205 4785 84 99 4710 249 4771 264 4725 114 4755 4680 159 4650 279 4665 174 4695 144 189 4620 309 4711 324 4635 204 4605 
4530 219 4591 339 4606 234 4545 113 248 4561 369 4621 384 4576 263 4515 4470 278 4531 399 4546 293 4485 203 308 4501 428 4592 443 4516 323 4455
1925 4000 2016 4061 2031 4015 1940 4045 3970 2045 4031 2075 4046 2060 3985 1970 1985 3940 2105 3971 2120 3955 2000 3895 3820 2015 3881 2165 3896 2030 3835 1909 
2044 3851 2074 3821 2089 3866 2059 3805 3760 2104 3791 2134 3806 2119 3775 1999 2014 3701 2164 3731 2179 3716 2029 3745 3671 2073 3641 2194 3656 2088 3686 2058
4602 2349 4632 2469 4647 2364 4617 2243 2258 4542 2408 4603 2423 4557 2273 4587 4512 2318 4482 2438 4497 2333 4527 2303 2348 4452 2468 4513 2483 4467 2363 4437 
4362 2378 4423 2498 4438 2393 4377 2272 2407 4393 2528 4453 2543 4408 2422 4347 4302 2437 4363 2558 4378 2452 4317 2332 2467 4333 2587 4394 2602 4348 2482 4287
4053 726 4083 846 4098 741 4068 620 635 3993 785 4054 800 4008 650 4038 3963 695 3933 815 3948 710 3978 680 725 3903 845 3964 860 3918 740 3888 
3813 755 3874 875 3889 770 3828 649 784 3844 905 3904 920 3859 799 3798 3753 814 3814 935 3829 829 3768 739 844 3784 964 3875 979 3799 859 3738
5136 1212 5286 1152 5301 1227 5151 1196 1272 5226 1182 5316 1197 5241 1287 5091 5166 1242 5256 1273 5271 1257 5181 1346 1392 5196 1332 5346 1347 5211 1407 5152 
5227 1362 5317 1393 5332 1377 5242 1467 1422 5257 1453 5407 1468 5272 1437 5182 5197 1512 5347 1483 5362 1527 5212 1587 1542 5318 1573 5377 1588 5333 1557 5303
5314 913 5344 1033 5359 928 5329 807 822 5254 972 5315 987 5269 837 5299 5224 882 5194 1002 5209 897 5239 867 912 5164 1032 5225 1047 5179 927 5149 
5074 942 5135 1062 5150 957 5089 836 971 5105 1092 5165 1107 5120 986 5059 5014 1001 5075 1151 5090 1016 5029 926 1031 5045 1061 5015 1076 5060 1046 4999
4238 1627 4268 1747 4283 1642 4253 1521 1536 4178 1686 4239 1701 4193 1551 4223 4148 1596 4118 1716 4133 1611 4163 1581 1626 4088 1746 4149 1761 4103 1641 4073 
3998 1656 4059 1776 4074 1671 4013 1550 1685 4029 1806 4089 1821 4044 1700 3983 3938 1715 3999 1836 4014 1730 3953 1640 1745 3969 1865 4060 1880 3984 1760 3923
932 3364 991 3275 1006 3379 947 3409 3274 961 3305 1051 3320 976 3289 917 871 3214 1021 3245 1036 3229 886 3319 3244 931 3155 1081 3170 946 3259 856 
901 3184 990 3095 1005 3199 916 3169 3094 960 3125 1050 3140 975 3109 825 870 3034 1020 2975 1035 3049 885 3139 2974 900 3004 930 3019 915 2989 855
551 5042 491 5102 506 5057 566 4997 5012 611 5072 461 5087 626 5027 686 641 5162 552 5132 567 5177 656 5118 5133 582 5222 492 5237 597 5148 747 
672 5192 522 5282 537 5207 687 5238 5283 612 5252 462 5267 627 5298 717 642 5342 553 5312 568 5357 657 5268 5313 673 5372 523 5387 688 5328 748
3162 2281 3312 2221 3327 2296 3177 2265 2341 3252 2251 3342 2266 3267 2356 3117 3192 2311 3282 2342 3297 2326 3207 2415 2371 3222 2401 3372 2416 3237 2386 3148 
3163 2461 3313 2372 3328 2476 3178 2536 2491 3283 2522 3343 2537 3298 2506 3208 3223 2581 3373 2492 3388 2596 3238 2566 2641 3314 2552 3433 2567 3329 2656 3179
4414 908 4444 1028 4459 923 4429 802 817 4354 967 4415 982 4369 832 4399 4324 877 4294 997 4309 892 4339 862 907 4264 1027 4325 1042 4279 922 4249 
4174 937 4235 1057 4250 952 4189 831 966 4205 1087 4295 1102 4220 981 4159 4114 996 4175 1117 4190 1011 4129 891 1026 4145 1146 4236 1161 4160 1041 4099
4050 186 4080 306 4095 201 4065 80 95 3990 245 4051 260 4005 110 4035 3960 155 3930 275 3945 170 3975 140 185 3900 305 3991 320 3915 200 3885 
3810 215 3871 335 3886 230 3825 109 244 3841 365 3901 380 3856 259 3795 3750 274 3811 395 3826 289 3765 199 304 3781 424 3872 439 3796 319 3735
4773 730 4803 850 4818 745 4788 624 639 4713 789 4774 804 4728 654 4758 4683 699 4653 819 4668 714 4698 684 729 4623 849 4684 864 4638 744 4608 
4533 759 4594 879 4609 774 4548 653 788 4564 909 4624 924 4579 803 4518 4473 818 4534 939 4549 833 4488 713 848 4504 968 4565 983 4519 863 4458
5322 2353 5352 2473 5367 2368 5337 2247 2262 5262 2412 5323 2427 5277 2277 5307 5232 2322 5202 2442 5217 2337 5247 2307 2352 5172 2472 5293 2487 5187 2367 5157 
5082 2382 5143 2502 5158 2397 5097 2276 2411 5113 2532 5173 2547 5128 2426 5067 5022 2441 5083 2591 5098 2456 5037 2336 2471 5053 2501 5023 2516 5068 2486 5007
4779 1810 4809 1930 4824 1825 4794 1704 1719 4719 1869 4780 1884 4734 1734 4764 4689 1779 4659 1899 4674 1794 4704 1764 1809 4629 1929 4690 1944 4644 1824 4614 
4539 1839 4600 1959 4615 1854 4554 1733 1868 4570 1989 4630 2004 4585 1883 4524 4479 1898 4540 2019 4555 1913 4494 1823 1928 4510 2048 4601 2063 4525 1943 4464
3692 544 3722 664 3737 559 3707 438 453 3632 603 3693 618 3647 468 3677 3602 513 3572 633 3587 528 3617 498 543 3542 663 3633 678 3557 558 3527 
3452 573 3513 693 3528 588 3467 467 602 3483 723 3543 738 3498 617 3437 3392 632 3453 753 3468 647 3407 527 662 3423 782 3514 797 3438 677 3377
3695 1084 3725 1204 3740 1099 3710 978 993 3635 1143 3696 1158 3650 1008 3680 3605 1053 3575 1173 3590 1068 3620 1038 1083 3545 1203 3606 1218 3560 1098 3530 
3455 1113 3516 1233 3531 1128 3470 1007 1142 3486 1263 3546 1278 3501 1157 3440 3395 1172 3456 1293 3471 1187 3410 1097 1202 3426 1322 3517 1337 3441 1217 3380
4775 1090 4805 1120 4820 1105 4790 984 999 4715 1149 4776 1164 4730 1014 4760 4685 1059 4655 1179 4670 1074 4700 1044 1089 4625 1209 4716 1224 4640 1104 4610 
4535 1119 4596 1239 4611 1134 4550 1013 1148 4566 1269 4626 1284 4581 1163 4520 4475 1178 4536 1328 4551 1193 4490 1133 1208 4506 1238 4476 1253 4521 1223 4460
4062 2346 4092 2466 4107 2361 4077 2240 2255 4002 2405 4063 2420 4017 2270 4047 3972 2315 3942 2435 3957 2330 3987 2300 2345 3912 2465 3973 2480 3927 2360 3897 
3822 2375 3883 2495 3898 2390 3837 2269 2404 3853 2525 3913 2540 3868 2419 3807 3762 2434 3823 2555 3838 2449 3777 2329 2464 3793 2584 3854 2599 3808 2479 3747
5139 1752 5289 1692 5304 1767 5154 1736 1812 5229 1722 5319 1737 5244 1827 5094 5169 1782 5259 1813 5274 1797 5184 1857 1932 5199 1872 5349 1887 5214 1947 5155 
5230 1902 5320 1933 5335 1917 5245 2007 2052 5260 1993 5410 2008 5275 2067 5215 5291 2023 5380 2053 5395 2038 5306 2097 2173 5321 2113 5471 2128 5336 2188 5276
4411 368 4441 488 4456 383 4426 262 277 4351 427 4412 442 4366 292 4396 4321 337 4291 457 4306 352 4336 322 367 4261 487 4322 502 4276 382 4246 
4171 397 4232 517 4247 412 4186 291 426 4202 547 4262 562 4217 441 4156 4111 456 4172 577 4187 471 4126 411 486 4142 606 4233 621 4157 501 4096
392 3302 511 3212 526 3317 407 3406 3361 451 3272 601 3287 466 3376 377 421 3211 481 3242 496 3226 436 3286 3241 391 3152 541 3167 406 3256 316 
361 3181 450 3092 465 3196 376 3166 3091 420 3122 510 3137 435 3106 285 330 3031 480 3062 495 3046 345 3136 3061 390 2972 540 2987 405 3076 315
4056 1266 4086 1386 4101 1281 4071 1160 1175 3996 1325 4057 1340 4011 1190 4041 3966 1235 3936 1355 3951 1250 3981 1220 1265 3906 1385 3967 1400 3921 1280 3891 
3816 1295 3877 1415 3892 1310 3831 1189 1324 3847 1445 3907 1460 3862 1339 3801 3756 1354 3817 1475 3832 1369 3771 1279 1384 3787 1504 3878 1519 3802 1399 3741
