5280 132 5130 101 5040 221 5055 116 5145 147 5295 58 102 5220 192 5070 161 4980 176 5085 207 5235 117 5325 5250 162 5160 251 5010 311 5025 266 5175 177 5265 208 252 5190 222 5101 281 5041 296 5116 237 5205 267 5355 5281 312 5131 372 5071 341 5086 387 5146 327 5296 238 282 5221 342 5161 431 5011 446 5176 357 5236 297 5326 
5251 432 5191 402 5102 491 5117 417 5206 447 5266 388 403 5282 492 5132 461 5042 476 5147 507 5297 418 5356 5312 462 5222 552 5072 611 5087 567 5237 477 5327 508 553 5252 522 5162 582 5103 597 5177 537 5267 568 5417 5342 612 5192 672 5133 641 5148 687 5207 627 5357 538 673 5313 642 5223 732 5073 747 5238 657 5328 688 5387 
3522 2343 3552 2373 3523 2493 3538 2388 3567 2358 3537 2237 2252 3462 2402 3493 2523 3553 2538 3508 2417 3477 2267 3507 3432 2312 3402 2462 3463 2582 3478 2477 3417 2327 3447 2297 2342 3372 2372 3343 2492 3433 2507 3358 2387 3387 2357 3357 3282 2401 3313 2522 3373 2552 3388 2537 3328 2416 3297 2266 2311 3222 2461 3283 2581 3344 2596 3298 2476 3237 2326 3267 
3192 2371 3163 2491 3223 2611 3238 2506 3178 2386 3207 2356 2400 3133 2521 3193 2641 3254 2656 3208 2536 3148 2415 3117 3042 2430 3103 2551 3164 2701 3179 2566 3118 2445 3057 2325 2460 3073 2580 3134 2610 3104 2625 3149 2595 3088 2475 3027 2983 2490 3043 2640 3074 2760 3089 2655 3058 2505 2998 2385 2520 3013 2550 2984 2700 3044 2715 2999 2565 3028 2535 2968 
4422 2348 4452 2378 4423 2498 4438 2393 4467 2363 4437 2242 2257 4362 2407 4393 2528 4453 2543 4408 2422 4377 2272 4407 4332 2317 4302 2467 4363 2587 4378 2482 4317 2332 4347 2302 2347 4272 2377 4243 2497 4333 2512 4258 2392 4287 2362 4257 4182 2406 4213 2527 4273 2557 4288 2542 4228 2421 4197 2271 2316 4122 2466 4183 2586 4214 2601 4198 2481 4137 2331 4167 
4092 2376 4063 2496 4123 2646 4138 2511 4078 2391 4107 2361 2405 4033 2526 4093 2556 4064 2571 4108 2541 4048 2420 4017 3942 2435 4003 2585 4034 2615 4049 2600 4018 2450 3957 2330 2465 3973 2495 3943 2645 3974 2660 3958 2510 3988 2480 3927 3883 2525 3913 2555 3884 2675 3899 2570 3928 2540 3898 2419 2434 3823 2584 3854 2705 3914 2720 3869 2599 3838 2449 3868 
4380 127 4230 96 4140 186 4155 111 4245 142 4395 82 97 4320 187 4170 156 4080 171 4185 202 4335 112 4425 4350 157 4260 246 4110 306 4125 261 4275 172 4365 203 247 4290 217 4201 276 4141 291 4216 232 4305 262 4455 4381 307 4231 367 4171 336 4186 382 4246 322 4396 233 277 4321 337 4261 426 4111 441 4276 352 4336 292 4426 
4351 427 4291 397 4202 456 4217 412 4306 442 4366 383 398 4382 487 4232 547 4172 562 4247 502 4397 413 4456 4412 457 4322 517 4262 606 4277 532 4337 472 4427 503 548 4352 607 4292 667 4233 682 4307 622 4367 563 4517 4472 578 4383 637 4323 727 4338 652 4398 593 4487 533 668 4413 728 4353 697 4293 712 4368 743 4428 683 4457 
3125 990 3155 1021 3305 961 3320 1036 3170 1005 3140 1035 1050 3095 1081 3245 991 3335 1006 3260 1096 3110 1065 3080 3035 1140 3185 1051 3275 1082 3290 1066 3200 1155 3050 1125 1200 3126 1111 3215 1141 3365 1156 3230 1126 3141 1215 2991 3066 1170 3156 1201 3306 1112 3321 1216 3171 1185 3081 1275 1230 3096 1261 3246 1171 3336 1186 3261 1276 3111 1245 3021 
3036 1320 3186 1231 3276 1262 3291 1246 3201 1335 3051 1305 1380 3127 1291 3216 1321 3366 1336 3231 1306 3142 1395 2992 3067 1350 3157 1381 3307 1351 3322 1396 3172 1365 3082 1455 1410 3097 1441 3247 1411 3277 1426 3262 1456 3112 1425 3022 3037 1500 3187 1471 3217 1501 3232 1486 3202 1515 3052 1485 1560 3128 1530 3158 1561 3308 1576 3173 1545 3143 1575 2993 
4751 2109 4601 2078 4511 2168 4526 2093 4616 2124 4766 2064 2079 4691 2169 4541 2138 4451 2153 4556 2184 4706 2094 4796 4721 2139 4631 2228 4481 2288 4496 2243 4646 2154 4736 2185 2229 4661 2199 4572 2258 4512 2273 4587 2214 4676 2244 4826 4752 2289 4602 2349 4542 2318 4557 2364 4617 2304 4767 2215 2259 4692 2319 4632 2408 4482 2423 4647 2334 4707 2274 4797 
4722 2409 4662 2379 4573 2468 4588 2394 4677 2424 4737 2365 2380 4753 2469 4603 2438 4513 2453 4618 2484 4768 2395 4827 4783 2439 4693 2529 4543 2588 4558 2544 4708 2454 4798 2485 2530 4723 2589 4663 2559 4574 2574 4678 2604 4738 2545 4888 4843 2560 4754 2649 4604 2709 4619 2664 4769 2575 4858 2605 2650 4813 2619 4694 2679 4664 2694 4709 2634 4828 2665 4949 
3638 1533 3668 1503 3577 1443 3592 1518 3683 1548 3653 1698 1624 3698 1474 3637 1413 3607 1428 3652 1489 3713 1639 3743 3788 1564 3727 1444 3667 1353 3682 1459 3742 1579 3803 1609 1534 3757 1414 3697 1294 3726 1309 3712 1429 3772 1549 3833 3848 1504 3787 1384 3756 1234 3771 1399 3802 1519 3863 1640 1475 3817 1354 3847 1324 3816 1339 3862 1369 3832 1490 3893 
3937 1445 3877 1295 3906 1265 3921 1310 3892 1460 3952 1580 1505 3967 1385 3936 1235 3966 1250 3951 1400 3982 1520 4043 3997 1355 4027 1325 3996 1175 4011 1340 4042 1370 4012 1491 1446 4057 1296 4086 1266 4056 1281 4101 1311 4072 1461 4102 4147 1386 4116 1236 4146 1206 4161 1251 4131 1401 4162 1431 1356 4207 1326 4176 1176 4206 1191 4191 1341 4222 1371 4192 
4208 1566 4058 1535 3968 1655 3983 1550 4073 1581 4223 1521 1536 4148 1626 3998 1595 3908 1610 4013 1641 4163 1551 4253 4178 1596 4088 1685 3938 1745 3953 1700 4103 1611 4193 1642 1686 4118 1656 4029 1715 3969 1730 4044 1671 4133 1701 4283 4209 1746 4059 1806 3999 1865 4014 1821 4074 1761 4224 1672 1716 4149 1776 4089 1836 4030 1851 4104 1791 4164 1731 4254 
4179 1866 4119 1926 4060 1895 4075 1941 4134 1881 4194 1822 1837 4210 1896 4150 1986 4000 2001 4165 1911 4225 1852 4314 4240 1987 4180 2046 4120 2016 4135 2061 4195 2002 4255 1942 1957 4270 2017 4211 2106 4061 2121 4226 2032 4285 1972 4375 4300 2107 4241 2076 4151 2136 4166 2091 4256 2122 4315 2062 2077 4331 2167 4181 2226 4121 2241 4196 2182 4346 2092 4436 
3482 452 3512 483 3662 423 3677 498 3527 467 3497 497 512 3452 543 3602 453 3692 468 3617 558 3467 527 3437 3392 602 3542 513 3632 544 3647 528 3557 617 3407 587 662 3483 573 3572 603 3722 618 3587 588 3498 677 3348 3423 632 3513 663 3663 574 3678 678 3528 647 3438 707 782 3453 723 3603 633 3693 648 3618 738 3468 797 3408 
3484 753 3573 783 3633 724 3648 798 3588 768 3499 857 812 3514 843 3664 754 3723 769 3679 858 3529 827 3439 3454 903 3604 813 3694 844 3709 828 3619 918 3469 977 933 3544 873 3634 904 3784 919 3649 888 3559 948 3500 3515 1023 3574 963 3724 874 3739 978 3589 1038 3530 1098 1053 3665 993 3695 1024 3754 1039 3710 1008 3680 1068 3590 
4930 1841 5049 1751 5018 1691 5033 1766 5064 1856 4945 1975 1900 4989 1811 4959 1661 5048 1676 4974 1826 5004 1915 4915 4839 1870 4899 1720 4988 1631 5003 1735 4914 1885 4854 1945 1840 4869 1750 4838 1690 4898 1705 4853 1765 4884 1855 4795 4809 1810 4779 1660 4868 1570 4883 1675 4794 1825 4824 1914 1869 4719 1719 4808 1630 4778 1645 4823 1734 4734 1884 4765 
4659 1779 4749 1689 4718 1539 4733 1704 4764 1794 4674 1944 1839 4689 1749 4658 1599 4748 1614 4673 1764 4704 1854 4615 4629 1809 4599 1659 4688 1569 4703 1674 4614 1824 4644 1913 1868 4539 1718 4628 1629 4598 1644 4643 1733 4554 1883 4585 4479 1778 4569 1688 4538 1538 4553 1703 4584 1793 4494 1943 1838 4509 1748 4478 1598 4568 1613 4493 1763 4524 1853 4464 
3060 90 3150 121 3300 32 3315 136 3165 105 3075 195 150 3090 181 3240 91 3330 106 3255 196 3105 165 3015 3030 240 3180 151 3270 182 3285 166 3195 255 3045 225 300 3121 211 3210 241 3360 256 3225 226 3136 315 2986 3061 270 3151 301 3301 212 3316 316 3166 285 3076 375 330 3091 361 3241 271 3331 286 3256 376 3106 345 3016 
3031 420 3181 331 3271 362 3286 346 3196 435 3046 405 480 3122 391 3211 421 3361 436 3226 406 3137 495 2987 3062 450 3152 481 3302 451 3317 496 3167 465 3077 555 510 3092 541 3242 511 3272 526 3257 556 3107 525 3017 3032 600 3182 571 3212 601 3227 586 3197 615 3047 585 660 3123 630 3153 661 3303 676 3168 645 3138 675 2988 
5465 1003 5495 1034 5645 1004 5660 1049 5510 1018 5480 1078 1033 5435 1094 5585 1064 5615 1079 5600 1109 5450 1048 5330 5405 1153 5525 1124 5555 1154 5570 1139 5540 1168 5420 1108 1123 5375 1183 5496 1214 5646 1229 5511 1198 5390 1138 5270 5345 1213 5466 1274 5586 1244 5601 1289 5481 1228 5360 1167 1182 5316 1243 5436 1304 5556 1319 5451 1258 5331 1197 5210 
5286 1273 5406 1333 5526 1394 5541 1348 5421 1288 5301 1227 1242 5256 1303 5376 1363 5497 1378 5391 1318 5271 1257 5241 5196 1332 5346 1393 5467 1454 5482 1408 5361 1347 5211 1317 1392 5287 1362 5317 1423 5437 1438 5332 1377 5302 1407 5152 5227 1422 5257 1453 5407 1513 5422 1468 5272 1437 5242 1467 1482 5197 1512 5347 1483 5377 1498 5362 1527 5212 1497 5182 
4564 848 4414 817 4324 937 4339 832 4429 863 4579 803 818 4504 908 4354 877 4264 892 4369 923 4519 833 4609 4534 878 4444 967 4294 1027 4309 982 4459 893 4549 924 968 4474 938 4385 997 4325 1012 4400 953 4489 983 4639 4565 1028 4415 1088 4355 1147 4370 1103 4430 1043 4580 954 998 4505 1058 4445 1118 4386 1133 4460 1073 4520 1013 4610 
4535 1148 4475 1208 4416 1268 4431 1223 4490 1163 4550 1104 1119 4566 1178 4506 1238 4446 1253 4521 1193 4581 1134 4640 4596 1269 4536 1328 4476 1388 4491 1343 4551 1284 4611 1224 1239 4626 1299 4567 1358 4507 1373 4582 1314 4641 1254 4731 4656 1389 4597 1449 4537 1418 4552 1464 4612 1404 4671 1344 1359 4747 1419 4627 1508 4477 1523 4642 1434 4762 1374 4821 
1991 5050 1931 5019 1781 5109 1796 5034 1946 5065 2006 5005 5020 1961 5110 1871 5079 1721 5094 1886 5125 1976 5035 2126 2051 5080 1901 5169 1812 5139 1827 5184 1916 5095 2066 5126 5170 1992 5140 1842 5229 1752 5244 1857 5155 2007 5185 2096 2022 5230 1932 5199 1782 5289 1797 5214 1947 5245 2037 5156 5200 1962 5290 1872 5259 1722 5274 1887 5305 1977 5215 2127 
2052 5260 1902 5349 1813 5319 1828 5364 1917 5275 2067 5306 5350 1993 5320 1933 5379 1783 5394 1948 5335 2008 5365 2038 2113 5380 1963 5470 1873 5439 1888 5485 1978 5395 2128 5336 5471 2053 5440 1903 5529 1844 5544 1918 5455 2068 5486 2158 2083 5530 1994 5500 1934 5559 1949 5515 2009 5545 2098 5456 5501 2114 5560 1964 5650 1874 5665 1979 5575 2129 5516 2189 
3488 1562 3338 1531 3248 1621 3263 1546 3353 1577 3503 1517 1532 3428 1622 3278 1591 3188 1606 3293 1637 3443 1547 3533 3458 1592 3368 1681 3218 1741 3233 1696 3383 1607 3473 1638 1682 3398 1652 3309 1711 3249 1726 3324 1667 3413 1697 3563 3489 1742 3339 1802 3279 1771 3294 1817 3354 1757 3504 1668 1712 3429 1772 3369 1861 3219 1876 3384 1787 3444 1727 3534 
3459 1862 3399 1832 3310 1921 3325 1847 3414 1877 3474 1818 1833 3490 1922 3340 1891 3250 1906 3355 1937 3505 1848 3564 3520 1892 3430 1982 3280 2041 3295 1997 3445 1907 3535 1938 1983 3460 2042 3400 2012 3370 2027 3415 2057 3475 1998 3625 3550 2013 3491 2102 3341 2071 3356 2117 3506 2028 3565 1968 2103 3521 2072 3431 2162 3281 2177 3446 2087 3536 2118 3595 
4021 305 3871 274 3781 394 3796 289 3886 320 4036 260 275 3961 365 3811 334 3721 349 3826 380 3976 290 4066 3991 335 3901 424 3751 484 3766 439 3916 350 4006 381 425 3931 395 3842 454 3782 469 3857 410 3946 440 4096 4022 485 3872 545 3812 604 3827 560 3887 500 4037 411 455 3962 515 3902 575 3843 590 3917 530 3977 470 4067 
3992 605 3932 665 3873 634 3888 680 3947 620 4007 561 576 4023 635 3963 725 3813 740 3978 650 4038 591 4127 4053 726 3993 785 3933 755 3948 800 4008 741 4068 681 696 4083 756 4024 845 3874 860 4039 771 4098 711 4188 4113 846 4054 815 3964 905 3979 830 4069 861 4128 801 816 4144 906 3994 965 3934 980 4009 921 4159 831 4278 
4922 490 4772 459 4682 579 4697 474 4787 505 4937 445 460 4862 550 4712 519 4622 534 4727 565 4877 475 4967 4892 520 4802 609 4652 669 4667 624 4817 535 4907 566 610 4832 580 4743 639 4683 654 4758 595 4847 625 4997 4923 670 4773 730 4713 699 4728 745 4788 685 4938 596 640 4863 700 4803 789 4653 804 4818 715 4878 655 4968 
4893 790 4833 760 4744 849 4759 775 4848 805 4908 746 761 4924 850 4774 819 4684 834 4789 865 4939 776 5028 4954 820 4864 910 4714 969 4729 925 4879 835 4969 866 911 4894 970 4834 940 4804 955 4849 985 4909 926 5059 4984 941 4925 1030 4775 999 4790 1045 4940 956 4999 896 1031 4955 1000 4865 1090 4745 1105 4880 1015 4970 1046 5029 
5593 2474 5562 2354 5502 2233 5517 2369 5577 2489 5608 2609 2504 5503 2384 5442 2263 5472 2278 5457 2399 5518 2519 5578 5533 2534 5473 2413 5412 2293 5427 2428 5488 2549 5548 2669 2564 5443 2443 5382 2323 5322 2338 5397 2458 5458 2579 5519 5474 2593 5413 2473 5352 2353 5367 2488 5428 2608 5489 2638 2653 5383 2503 5323 2383 5262 2398 5338 2518 5398 2668 5429 
5324 2563 5353 2533 5293 2412 5308 2548 5368 2578 5339 2728 2622 5294 2592 5263 2472 5202 2487 5278 2607 5309 2637 5279 5234 2652 5203 2502 5143 2382 5158 2517 5218 2667 5249 2787 2712 5144 2562 5173 2532 5113 2547 5188 2577 5159 2727 5219 5084 2621 5114 2591 5083 2441 5098 2606 5129 2636 5099 2757 2771 5054 2651 5023 2501 5053 2516 5038 2666 5069 2786 5189 
