480 3122 420 435 3137 495 2987 3062 450 3152 3167 465 3077 555 510 3092 541 556 3107 525 3017 3032 600 3182 3197 615 3047 585 660 3123 630 645 3138 675 2988 3093 721 3153 3168 736 3108 705 780 3183 691 706 3198 795 3078
1380 3127 1320 1335 3142 1395 2992 3067 1350 3157 3172 1365 3082 1455 1410 3097 1441 1456 3112 1425 3022 3037 1500 3187 3202 1515 3052 1575 1530 3128 1471 1486 3143 1545 3083 3098 1621 3158 3173 1636 3113 1605 1680 3188 1591 1606 3203 1695 3053
280 4951 341 356 4966 295 4876 4921 371 5041 5056 386 4936 325 340 4891 401 416 4906 355 4786 4831 430 4952 4967 445 4846 385 490 4922 460 475 4937 505 4816 4772 520 4862 4877 535 4787 474 550 4832 580 595 4847 565 4727
1536 4238 1567 1582 4253 1551 4163 4208 1627 4328 4343 1642 4223 1581 1596 4178 1657 1672 4193 1611 4073 4118 1686 4239 4254 1701 4133 1641 1746 4209 1716 1731 4224 1761 4103 4059 1776 4179 4194 1791 4074 1730 1806 4119 1866 1881 4134 1821 4014
640 4953 701 716 4968 655 4878 4923 731 5043 5058 746 4938 685 700 4893 761 776 4908 715 4788 4833 790 4954 4969 805 4848 745 850 4924 820 835 4939 865 4818 4774 880 4894 4909 895 4789 834 910 4834 970 985 4849 925 4729
278 4591 309 324 4606 293 4516 4561 369 4681 4696 384 4576 323 338 4531 399 414 4546 353 4426 4471 428 4592 4607 443 4486 383 488 4562 458 473 4577 503 4456 4412 518 4502 4517 533 4427 472 548 4472 578 593 4487 563 4367
1352 3517 1413 1428 3532 1367 3442 3487 1443 3607 3622 1458 3502 1397 1412 3457 1473 1488 3472 1427 3352 3397 1502 3518 3533 1517 3412 1457 1562 3488 1532 1547 3503 1577 3382 3338 1592 3458 3473 1607 3353 1546 1622 3398 1682 1697 3413 1637 3293
999 4775 1030 1045 4790 1014 4700 4745 1090 4865 4880 1105 4760 1044 1059 4715 1120 1135 4730 1074 4610 4655 1149 4805 4820 1164 4670 1104 1209 4746 1179 1194 4761 1224 4640 4596 1239 4716 4731 1254 4611 1134 1269 4686 1329 1344 4701 1284 4581
634 3873 665 680 3888 649 3798 3843 725 3963 3978 740 3858 679 694 3813 755 770 3828 709 3708 3753 784 3874 3889 799 3768 739 844 3844 814 829 3859 859 3738 3694 874 3814 3829 889 3709 828 904 3754 964 979 3769 919 3649
276 4231 307 322 4246 291 4156 4201 367 4321 4336 382 4216 321 336 4171 397 412 4186 351 4066 4111 426 4232 4247 441 4126 381 486 4202 456 471 4217 501 4096 4052 516 4172 4187 531 4067 470 546 4112 606 621 4127 561 4007
991 3335 1022 1037 3350 1006 3260 3305 1082 3425 3440 1097 3320 1036 1051 3275 1112 1127 3290 1066 3170 3215 1141 3336 3351 1156 3230 1096 1201 3306 1171 1186 3321 1216 3200 3156 1231 3276 3291 1246 3171 1185 1261 3246 1321 1336 3261 1276 3111
632 3513 663 678 3528 647 3438 3483 723 3603 3618 738 3498 677 692 3453 753 768 3468 707 3348 3393 782 3514 3529 797 3408 737 842 3484 812 827 3499 857 3378 3334 872 3454 3469 887 3349 826 902 3394 962 977 3409 917 3289
3132 2310 3012 3027 2325 3147 2235 2250 3072 2370 2385 3087 2265 3177 3102 2400 3042 3057 2415 3117 2356 2371 3133 2460 2475 3148 2386 3267 3192 2430 3103 3118 2445 3207 2326 2461 3163 2521 2536 3178 2476 3237 3313 2491 3253 3268 2506 3328 2416
1924 3850 1864 1879 3865 1939 3715 3790 1894 3880 3895 1909 3805 1999 1954 3820 1985 2000 3835 1969 3745 3760 2044 3910 3925 2059 3775 2029 2104 3851 2074 2089 3866 2119 3716 3791 2134 3821 3836 2149 3806 2179 2194 3761 2224 2239 3776 2209 3656
2258 4602 2289 2304 4617 2273 4527 4572 2349 4692 4707 2364 4587 2303 2318 4542 2379 2394 4557 2333 4437 4482 2408 4603 4618 2423 4497 2363 2468 4573 2438 2453 4588 2483 4467 4423 2498 4543 4558 2513 4438 2452 2528 4483 2588 2603 4498 2543 4378
1900 4960 1931 1946 4975 1915 4885 4930 1991 5050 5065 2006 4945 1945 1960 4900 2021 2036 4915 1975 4795 4840 2050 4961 4976 2065 4855 2005 2110 4931 2080 2095 4946 2125 4825 4781 2140 4901 4916 2155 4796 2094 2170 4841 2230 2245 4856 2185 4736
1360 4957 1391 1406 4972 1375 4882 4927 1451 5047 5062 1466 4942 1405 1420 4897 1481 1496 4912 1435 4792 4837 1510 4958 4973 1525 4852 1465 1570 4928 1540 1555 4943 1585 4822 4778 1600 4898 4913 1615 4793 1554 1630 4868 1690 1705 4883 1645 4733
2256 4242 2287 2302 4257 2271 4167 4212 2347 4332 4347 2362 4227 2301 2316 4182 2377 2392 4197 2331 4077 4122 2406 4243 4258 2421 4137 2361 2466 4213 2436 2451 4228 2481 4107 4063 2496 4183 4198 2511 4078 2450 2526 4123 2586 2601 4138 2541 4018
302 3481 242 257 3496 317 3346 3421 272 3511 3526 287 3436 377 332 3451 363 378 3466 347 3376 3391 422 3541 3556 437 3406 407 482 3482 393 408 3497 497 3347 3422 452 3512 3527 467 3437 527 602 3452 543 558 3467 617 3407
636 4233 667 682 4248 651 4158 4203 727 4323 4338 742 4218 681 696 4173 757 772 4188 711 4068 4113 786 4234 4249 801 4128 741 846 4204 816 831 4219 861 4098 4054 876 4174 4189 891 4069 830 906 4114 966 981 4129 921 4009
1986 4000 2045 2060 4015 2001 4075 4150 2016 4061 4076 2031 4165 1941 1956 4120 2106 2121 4135 1971 4225 4180 2046 4211 4226 2061 4195 1911 1987 4270 2076 2091 4285 2002 4255 4330 2017 4241 4256 2032 4345 1942 2047 4300 2107 2122 4315 2062 4375
2260 4962 2291 2306 4977 2275 4887 4932 2351 5052 5067 2366 4947 2305 2320 4902 2381 2396 4917 2335 4797 4842 2410 4963 4978 2425 4857 2365 2470 4933 2440 2455 4948 2485 4827 4783 2500 4903 4918 2515 4798 2454 2530 4843 2590 2605 4858 2545 4738
997 4415 1058 1073 4430 1012 4340 4385 1088 4505 4520 1103 4400 1042 1057 4355 1118 1133 4370 1072 4250 4295 1147 4416 4431 1162 4310 1102 1207 4386 1177 1192 4401 1222 4280 4236 1237 4326 4341 1252 4251 1191 1267 4296 1297 1312 4311 1282 4191
1898 4600 1929 1944 4615 1913 4525 4570 1989 4690 4705 2004 4585 1943 1958 4540 2019 2034 4555 1973 4435 4480 2048 4601 4616 2063 4495 2003 2108 4571 2078 2093 4586 2123 4465 4421 2138 4541 4556 2153 4436 2092 2168 4481 2228 2243 4496 2183 4376
1358 4597 1389 1404 4612 1373 4522 4567 1449 4687 4702 1464 4582 1403 1418 4537 1479 1494 4552 1433 4432 4477 1508 4598 4613 1523 4492 1463 1568 4568 1538 1553 4583 1583 4462 4418 1598 4538 4553 1613 4433 1552 1628 4478 1688 1703 4493 1643 4373
2252 3522 2283 2298 3537 2267 3447 3492 2343 3612 3627 2358 3507 2297 2312 3462 2373 2388 3477 2327 3357 3402 2402 3523 3538 2417 3417 2357 2462 3493 2432 2447 3508 2477 3387 3343 2492 3463 3478 2507 3358 2446 2522 3403 2582 2597 3418 2537 3298
274 3871 305 320 3886 289 3796 3841 365 3961 3976 380 3856 319 334 3811 395 410 3826 349 3706 3751 424 3872 3887 439 3766 379 484 3842 454 469 3857 499 3736 3692 514 3812 3827 529 3707 468 544 3752 604 619 3767 559 3647
5135 1062 5195 5210 1077 5150 1016 1092 5165 1212 1227 5180 1107 5120 5075 1151 5136 5151 1166 5090 1046 1061 5015 1181 1196 5030 1076 5060 4985 1211 5046 5061 1226 5000 1106 1150 4956 1271 1286 4971 1165 4910 4926 1180 4896 4911 1195 4941 1136
2254 3882 2285 2300 3897 2269 3807 3852 2345 3972 3987 2360 3867 2299 2314 3822 2375 2390 3837 2329 3717 3762 2404 3883 3898 2419 3777 2359 2464 3853 2434 2449 3868 2479 3747 3703 2494 3823 3838 2509 3718 2448 2524 3763 2584 2599 3778 2539 3658
1354 3877 1415 1430 3892 1369 3802 3847 1445 3967 3982 1460 3862 1399 1414 3817 1475 1490 3832 1429 3712 3757 1504 3907 3922 1519 3772 1459 1564 3848 1534 1549 3863 1579 3742 3698 1594 3818 3833 1609 3713 1548 1624 3758 1684 1699 3773 1639 3653
993 3695 1024 1039 3710 1008 3620 3665 1084 3785 3800 1099 3680 1038 1053 3635 1114 1129 3650 1068 3530 3575 1143 3696 3711 1158 3590 1098 1203 3666 1173 1188 3681 1218 3560 3516 1233 3606 3621 1248 3531 1187 1263 3546 1293 1308 3561 1278 3471
638 4593 669 684 4608 653 4518 4563 729 4683 4698 744 4578 683 698 4533 759 774 4548 713 4428 4473 788 4594 4609 803 4488 743 848 4564 818 833 4579 863 4458 4414 878 4534 4549 893 4429 832 908 4504 968 983 4519 923 4369
995 4055 1026 1041 4070 1010 3980 4025 1086 4145 4160 1101 4040 1040 1055 3995 1116 1131 4010 1070 3890 3935 1145 4056 4071 1160 3950 1100 1205 4026 1175 1190 4041 1220 3920 3876 1235 3996 4011 1250 3891 1189 1265 3936 1325 1340 3951 1280 3831
1891 3340 1952 1967 3355 1906 3265 3310 1982 3370 3385 1997 3325 1936 1951 3280 2012 2027 3295 1966 3175 3220 2041 3341 3356 2056 3235 1996 2101 3311 2162 2177 3326 2116 3205 3161 2131 3281 3296 2146 3176 2085 2161 3251 2221 2236 3266 2176 3146
