3841 304 319 3856 259 274 3781 3796 289 3886 3811 334 349 3826 380 424 3751 3766 439 3916 3842 484 499 3857 469
4392 2287 2302 4407 2242 2257 4332 4347 2272 4437 4362 2317 2332 4377 2363 2407 4302 4317 2422 4467 4393 2467 2482 4408 2452
4745 1029 1044 4760 984 999 4685 4700 1014 4790 4715 1059 1074 4730 1105 1149 4655 4670 1164 4820 4746 1209 1224 4761 1135
4741 309 324 4756 264 279 4681 4696 294 4786 4711 339 354 4726 385 429 4651 4666 444 4816 4742 459 474 4757 415
3880 1864 1879 3895 2000 1894 3850 3865 1909 3835 3790 1954 1969 3805 2059 2014 3730 3745 2029 3775 3701 2043 2058 3716 2119
4568 1568 1583 4583 1523 1538 4508 4523 1553 4613 4538 1598 1613 4553 1644 1688 4478 4493 1703 4643 4569 1748 1763 4584 1733
3308 1561 1576 3323 1516 1531 3248 3263 1546 3353 3278 1591 1606 3293 1637 1681 3218 3233 1696 3383 3309 1741 1756 3324 1726
1088 4415 4430 1103 4460 4505 1028 1043 4520 1133 1058 4565 4580 1073 4490 4535 998 1013 4550 1163 1089 4595 4610 1104 4640
3661 303 318 3676 258 273 3601 3616 288 3706 3631 333 348 3646 379 423 3571 3586 438 3736 3662 483 498 3677 468
4561 308 323 4576 263 278 4501 4516 293 4606 4531 338 353 4546 384 428 4471 4486 443 4636 4562 488 503 4577 473
901 3154 3169 916 3199 3244 841 856 3259 946 871 3304 3319 886 3229 3274 811 826 3289 976 902 3334 3349 917 3379
4209 1746 1761 4224 1701 1716 4149 4164 1731 4254 4179 1776 1791 4194 1822 1866 4119 4134 1881 4284 4210 1926 1941 4225 1911
728 4413 4428 743 4458 4503 668 683 4518 773 698 4563 4578 713 4488 4533 638 653 4548 803 729 4593 4608 744 4638
3151 240 255 3166 376 270 3121 3136 285 3106 3061 300 315 3076 435 360 2971 2986 375 3046 3001 330 345 3016 495
1624 3698 3713 1639 3743 3788 1564 1579 3803 1669 1594 3848 3863 1609 3773 3818 1534 1549 3833 1699 1625 3878 3893 1640 3923
4381 307 322 4396 262 277 4321 4336 292 4426 4351 337 352 4366 383 427 4291 4306 442 4456 4382 487 502 4397 472
4212 2286 2301 4227 2241 2256 4152 4167 2271 4257 4182 2316 2331 4197 2362 2406 4122 4137 2421 4287 4213 2466 2481 4228 2451
723 3513 3528 738 3558 3603 663 678 3618 768 693 3663 3678 708 3588 3633 633 648 3648 798 724 3693 3708 739 3738
550 4772 4787 565 4817 4862 490 505 4877 595 520 4922 4937 535 4847 4892 460 475 4907 625 551 4952 4967 566 4997
3158 1500 1515 3173 1636 1530 3128 3143 1545 3113 3068 1560 1575 3083 1695 1620 2978 2993 1635 3053 3008 1590 1605 3023 1665
4030 1865 1880 4045 1970 1895 4060 4075 1910 3985 4000 1986 2001 4015 2060 2016 4150 4165 2031 4076 4120 2046 2061 4135 2121
1444 3697 3712 1459 3742 3787 1384 1399 3802 1489 1414 3847 3862 1429 3772 3817 1354 1369 3832 1519 1445 3877 3892 1460 3922
1083 3515 3530 1098 3560 3605 1023 1038 3620 1128 1053 3665 3680 1068 3590 3635 993 1008 3650 1158 1084 3695 3710 1099 3740
4388 1567 1582 4403 1522 1537 4328 4343 1552 4433 4358 1597 1612 4373 1643 1687 4298 4313 1702 4463 4389 1747 1762 4404 1732
1264 3666 3681 1279 3711 3636 1203 1218 3651 1188 1233 3516 3531 1248 3621 3576 1263 1278 3591 1308 1383 3546 3561 1398 3532
4205 1026 1041 4220 981 996 4145 4160 1011 4250 4175 1056 1071 4190 1102 1146 4115 4130 1161 4280 4206 1206 1221 4221 1191
3153 600 615 3168 736 630 3123 3138 645 3108 3063 660 675 3078 795 720 2973 2988 735 3048 3003 690 705 3018 765
4570 1928 1943 4585 1883 1898 4510 4525 1913 4615 4540 1958 1973 4555 2004 2048 4480 4495 2063 4645 4571 2108 2123 4586 2093
3306 1201 1216 3321 1156 1171 3246 3261 1186 3351 3276 1231 1246 3291 1277 1321 3216 3231 1336 3381 3307 1381 1396 3322 1307
3492 2282 2297 3507 2237 2252 3432 3447 2267 3537 3462 2312 2327 3477 2358 2402 3402 3417 2417 3567 3493 2462 2477 3508 2447
4021 305 320 4036 260 275 3961 3976 290 4066 3991 335 350 4006 381 425 3931 3946 440 4096 4022 485 500 4037 470
3301 301 316 3316 256 271 3241 3256 286 3346 3271 331 346 3286 377 421 3211 3226 436 3376 3302 451 466 3317 407
3845 1024 1039 3860 979 994 3785 3800 1009 3890 3815 1054 1069 3830 1100 1144 3755 3770 1159 3920 3846 1204 1219 3861 1189
1268 4416 4431 1283 4461 4506 1208 1223 4521 1313 1238 4566 4581 1253 4491 4536 1269 1284 4551 1343 1299 4656 4671 1314 4612
4203 666 681 4218 621 636 4143 4158 651 4248 4173 696 711 4188 742 786 4113 4128 801 4278 4204 846 861 4219 831
4025 1025 1040 4040 980 995 3965 3980 1010 4070 3995 1055 1070 4010 1101 1145 3935 3950 1160 4100 4026 1205 1220 4041 1190
4032 2285 2300 4047 2240 2255 3972 3987 2270 4077 4002 2315 2330 4017 2361 2405 3942 3957 2420 4107 4033 2465 2480 4048 2450
908 4414 4429 923 4459 4504 848 863 4519 953 878 4564 4579 893 4489 4534 818 833 4549 983 909 4594 4609 924 4639
4028 1565 1580 4043 1520 1535 3968 3983 1550 4073 3998 1595 1610 4013 1641 1685 3938 3953 1700 4103 4029 1745 1760 4044 1730
1831 3160 3175 1846 3204 3099 1860 1875 3114 1816 1770 3039 3054 1785 3144 3069 1830 1845 3084 1755 1800 3009 3024 1815 2994
3162 2220 2235 3177 2356 2250 3132 3147 2265 3117 3072 2280 2295 3087 2415 2340 2982 2997 2355 3057 3012 2310 2325 3027 2475
4207 1386 1401 4222 1341 1356 4147 4162 1371 4252 4177 1416 1431 4192 1462 1506 4117 4132 1521 4282 4208 1566 1581 4223 1551
4201 306 321 4216 261 276 4141 4156 291 4246 4171 336 351 4186 382 426 4111 4126 441 4276 4202 486 501 4217 471
3490 1862 1877 3505 1967 1892 3520 3535 1907 3445 3460 1983 1998 3475 2057 2013 3610 3625 2028 3536 3580 1953 1968 3595 2118
4743 669 684 4758 624 639 4683 4698 654 4788 4713 699 714 4728 745 789 4653 4668 804 4818 4744 849 864 4759 834
4747 1389 1404 4762 1344 1359 4687 4702 1374 4792 4717 1419 1434 4732 1465 1509 4657 4672 1524 4822 4748 1569 1584 4763 1554
3488 1562 1577 3503 1517 1532 3428 3443 1547 3533 3458 1592 1607 3473 1638 1682 3398 3413 1697 3563 3489 1742 1757 3504 1727
3340 1861 1876 3355 1997 1891 3310 3325 1906 3295 3250 1951 1966 3265 2056 2011 3190 3205 2026 3235 3161 2070 2085 3176 2116
4749 1749 1764 4764 1704 1719 4689 4704 1734 4794 4719 1779 1794 4734 1825 1869 4659 4674 1884 4824 4750 1929 1944 4765 1914
903 3514 3529 918 3559 3604 843 858 3619 948 873 3664 3679 888 3589 3634 813 828 3649 978 904 3694 3709 919 3739
