102 5310 133 5325 117 5235 5280 193 5400 208 5295 147 162 5250 223 5265 177 5145 5190 252 5311 267 5205 207 312 5281 373 5296 327 5175 5131 342 5251 357 5146 266
1178 4596 1239 4611 1193 4521 4566 1269 4686 1284 4581 1223 1238 4536 1299 4551 1253 4431 4476 1328 4597 1343 4491 1283 1388 4567 1449 4582 1403 4461 4417 1418 4537 1433 4432 1342
2260 4962 2291 4977 2275 4887 4932 2351 5052 2366 4947 2305 2320 4902 2381 4917 2335 4797 4842 2410 4963 2425 4857 2365 2470 4933 2440 4948 2485 4827 4783 2500 4903 2515 4798 2454
992 3515 1023 3530 1007 3440 3485 1083 3605 1098 3500 1037 1052 3455 1113 3470 1067 3350 3395 1142 3516 1157 3410 1097 1202 3486 1172 3501 1217 3380 3336 1232 3456 1247 3351 1186
814 3874 845 3889 829 3799 3844 905 3964 920 3859 859 874 3814 935 3829 889 3709 3754 964 3875 979 3769 919 1024 3845 994 3860 1039 3739 3695 1054 3815 1069 3710 1008
1200 3126 1140 3141 1215 2991 3066 1170 3156 1185 3081 1275 1230 3096 1261 3111 1245 3021 3036 1320 3186 1335 3051 1395 1350 3157 1291 3172 1365 3082 3097 1441 3127 1456 3112 1515
930 2975 1050 2990 945 2929 3004 1020 3065 1035 3019 915 870 3034 990 3049 885 2989 3094 960 3155 975 3109 855 901 3184 931 3199 916 3139 3154 871 3214 886 3169 825
816 4234 877 4249 831 4159 4204 907 4324 922 4219 861 876 4174 937 4189 891 4069 4114 966 4235 981 4129 921 1026 4205 996 4220 1041 4099 4055 1056 4175 1071 4070 1010
1176 4236 1207 4251 1191 4161 4206 1267 4326 1282 4221 1221 1236 4176 1297 4191 1251 4071 4116 1326 4237 1341 4131 1281 1386 4207 1356 4222 1401 4101 4057 1416 4177 1431 4072 1370
98 4590 159 4605 113 4515 4560 189 4680 204 4575 143 158 4530 219 4545 173 4425 4470 248 4591 263 4485 203 308 4561 278 4576 323 4455 4411 338 4531 353 4426 233
1924 3850 1864 3865 1939 3715 3790 1894 3880 1909 3805 1999 1954 3820 1985 3835 1969 3745 3760 2044 3910 2059 3775 2119 2074 3851 2015 3866 2089 3806 3821 2165 3881 2180 3836 2149
2252 3522 2283 3537 2267 3447 3492 2343 3612 2358 3507 2297 2312 3462 2373 3477 2327 3357 3402 2402 3523 2417 3417 2357 2462 3493 2432 3508 2477 3387 3343 2492 3463 2507 3358 2446
1174 3876 1235 3891 1189 3801 3846 1265 3966 1280 3861 1219 1234 3816 1295 3831 1249 3711 3756 1324 3877 1339 3771 1279 1384 3847 1445 3862 1399 3741 3697 1414 3817 1429 3712 1309
1539 4778 1570 4793 1554 4703 4748 1630 4868 1645 4763 1584 1599 4718 1660 4733 1614 4613 4658 1689 4779 1704 4673 1644 1749 4749 1810 4764 1764 4643 4599 1779 4719 1794 4614 1733
458 4592 489 4607 473 4517 4562 549 4682 564 4577 503 518 4532 579 4547 533 4427 4472 608 4593 623 4487 563 668 4563 638 4578 683 4457 4413 698 4533 713 4428 652
822 5314 853 5329 837 5239 5284 913 5404 928 5299 867 882 5254 943 5269 897 5149 5194 972 5315 987 5209 927 1032 5285 1093 5300 1047 5179 5135 1062 5255 1077 5150 1016
2256 4242 2287 4257 2271 4167 4212 2347 4332 2362 4227 2301 2316 4182 2377 4197 2331 4077 4122 2406 4243 2421 4137 2361 2466 4213 2436 4228 2481 4107 4063 2496 4183 2511 4078 2450
1900 4960 1931 4975 1915 4885 4930 1991 5050 2006 4945 1945 1960 4900 2021 4915 1975 4795 4840 2050 4961 2065 4855 2005 2110 4931 2080 4946 2125 4825 4781 2140 4901 2155 4796 2094
456 4232 487 4247 471 4157 4202 547 4322 562 4217 501 516 4172 577 4187 531 4067 4112 606 4233 621 4127 561 666 4203 636 4218 681 4097 4053 696 4173 711 4068 650
1891 3340 1952 3355 1906 3265 3310 1982 3370 1997 3325 1936 1951 3280 2012 3295 1966 3175 3220 2041 3341 2056 3235 1996 2101 3311 2071 3326 2116 3205 3161 2131 3281 2146 3176 2085
1091 4955 970 4970 1106 5000 4895 1000 4925 1015 4910 1165 1060 4865 1030 4880 1075 4850 4805 1090 4775 1105 4820 1135 1149 4715 999 4730 1164 4761 4655 1059 4745 1074 4670 1224
1898 4600 1929 4615 1913 4525 4570 1989 4690 2004 4585 1943 1958 4540 2019 4555 1973 4435 4480 2048 4601 2063 4495 2003 2108 4571 2078 4586 2123 4465 4421 2138 4541 2153 4436 2092
480 3122 420 3137 495 2987 3062 450 3152 465 3077 555 510 3092 541 3107 525 3017 3032 600 3182 615 3047 675 630 3153 571 3168 645 3078 3093 721 3123 736 3108 705
100 4950 131 4965 115 4875 4920 191 5040 206 4935 145 160 4890 221 4905 175 4785 4830 250 4951 265 4845 205 310 4921 280 4936 325 4815 4771 340 4891 355 4786 294
1535 4058 1566 4073 1550 3983 4028 1626 4148 1641 4043 1580 1595 3998 1656 4013 1610 3893 3938 1685 4059 1700 3953 1640 1745 4029 1715 4044 1760 3923 3879 1775 3999 1790 3894 1729
2258 4602 2289 4617 2273 4527 4572 2349 4692 2364 4587 2303 2318 4542 2379 4557 2333 4437 4482 2408 4603 2423 4497 2363 2468 4573 2438 4588 2483 4467 4423 2498 4543 2513 4438 2452
2262 5322 2323 5337 2277 5247 5292 2353 5382 2368 5307 2307 2322 5262 2383 5277 2337 5157 5202 2412 5352 2427 5217 2367 2472 5293 2442 5308 2487 5187 5143 2502 5233 2517 5158 2456
454 3872 485 3887 469 3797 3842 545 3962 560 3857 499 514 3812 575 3827 529 3707 3752 604 3873 619 3767 559 664 3843 634 3858 679 3737 3693 694 3813 709 3708 648
96 4230 157 4245 111 4155 4200 187 4320 202 4215 141 156 4170 217 4185 171 4065 4110 246 4231 261 4125 201 306 4201 276 4216 321 4095 4051 336 4171 351 4066 231
462 5312 523 5327 477 5237 5282 553 5372 568 5297 507 522 5252 583 5267 537 5147 5192 612 5342 627 5207 567 672 5283 642 5298 687 5177 5133 702 5223 717 5148 656
1987 4270 2076 4285 2002 4255 4180 2046 4211 2061 4195 1911 1956 4120 2106 4135 1971 4225 4150 2016 4061 2031 4165 1941 1986 4000 2045 4015 2001 4075 4030 1925 3970 1940 4045 1910
2254 3882 2285 3897 2269 3807 3852 2345 3972 2360 3867 2299 2314 3822 2375 3837 2329 3717 3762 2404 3883 2419 3777 2359 2464 3853 2434 3868 2479 3747 3703 2494 3823 2509 3718 2448
1541 5138 1602 5153 1556 5063 5108 1632 5198 1647 5123 1586 1601 5078 1662 5093 1616 4973 5018 1691 5168 1706 5033 1646 1751 5109 1721 5124 1766 5003 4959 1781 5079 1796 4974 1676
1271 4986 1301 5001 1286 4971 4896 1330 4927 1345 4911 1195 1240 4836 1360 4851 1255 4881 4806 1390 4897 1405 4821 1315 1359 4777 1420 4792 1374 4762 4717 1450 4837 1465 4732 1434
1531 3338 1562 3353 1546 3263 3308 1622 3428 1637 3323 1576 1591 3278 1652 3293 1606 3173 3218 1681 3339 1696 3233 1636 1741 3309 1711 3324 1756 3203 3159 1771 3279 1786 3174 1725
1533 3698 1564 3713 1548 3623 3668 1624 3788 1639 3683 1578 1593 3638 1654 3653 1608 3533 3578 1683 3699 1698 3593 1638 1743 3669 1713 3684 1758 3563 3519 1773 3639 1788 3534 1727
3132 2310 3012 2325 3147 2235 2250 3072 2370 3087 2265 3177 3102 2400 3042 2415 3117 2356 2371 3133 2460 3148 2386 3267 3192 2430 3103 2445 3207 2326 2461 3163 2521 3178 2476 3237
1902 5320 1963 5335 1917 5245 5290 1993 5350 2008 5305 1947 1962 5260 2023 5275 1977 5155 5200 2052 5321 2067 5215 2007 2112 5291 2173 5306 2127 5185 5141 2142 5261 2157 5156 2096
92 3510 123 3525 107 3435 3480 183 3600 198 3495 137 152 3450 213 3465 167 3345 3390 242 3511 257 3405 197 302 3481 272 3496 317 3375 3331 332 3451 347 3346 286
632 3513 663 3528 647 3438 3483 723 3603 738 3498 677 692 3453 753 3468 707 3348 3393 782 3514 797 3408 737 842 3484 812 3499 857 3378 3334 872 3454 887 3349 826
640 4953 701 4968 655 4878 4923 731 5043 746 4938 685 700 4893 761 4908 715 4788 4833 790 4954 805 4848 745 850 4924 820 4939 865 4818 4774 880 4894 895 4789 775
1537 4418 1568 4433 1552 4343 4388 1628 4508 1643 4403 1582 1597 4358 1658 4373 1612 4253 4298 1687 4419 1702 4313 1642 1747 4389 1717 4404 1762 4283 4239 1777 4359 1792 4254 1731
1212 5136 1181 5151 1227 5301 5226 1272 5076 1287 5241 1197 1242 5166 1302 5181 1257 5271 5196 1392 5137 1407 5211 1347 1362 5227 1452 5242 1377 5332 5257 1512 5197 1527 5272 1468
94 3870 155 3885 109 3795 3840 185 3960 200 3855 139 154 3810 215 3825 169 3705 3750 244 3871 259 3765 199 304 3841 274 3856 319 3735 3691 334 3811 349 3706 229
120 3120 31 3135 135 2985 3060 90 3150 105 3075 195 150 3090 181 3105 165 3015 3030 240 3180 255 3045 315 270 3151 211 3166 285 3076 3091 361 3121 376 3106 345
818 4594 879 4609 833 4519 4564 909 4654 924 4579 863 878 4534 939 4549 893 4429 4474 968 4624 983 4489 923 1028 4565 998 4580 1043 4459 4415 1058 4535 1073 4430 953
