3.6
7.764640000005281 0.011666631324082946 
11.0
3.7116200000052535 0.008379662678404903 
4.0
6.832780000005232 0.01096150518161726 
12.0
3.4008400000053225 0.008058982732608072 
5.3
6.191360000005299 0.010468566144668656 
14.0
2.9427200000052203 0.007614594892307098 
30.0
1.0235800000052082 0.005140914761450117 
16.0
2.5470800000052747 0.007199440800466457 
6.5
5.577800000005224 0.009975462489892107 
50.0
0.40654000000518975 0.0035238830320978424 
18.0
2.199200000005301 0.006807836747815171 
8.0
4.829200000005289 0.009397363501678356 
100.0
0.11298000000528709 0.0019506446929006213 
20.0
1.8552000000052136 0.006375029063982212 
9.5
4.210780000005257 0.008832182188541014 
150.0
0.17864000000523034 0.002411780271648323 
200.0
0.07272000000522964 0.0015807814539721523 
