3.6
0.0634195987654321 0.0001649575247639028 
11.0
0.055864660493827156 0.0001443372490283767 
4.0
0.06140015432098765 0.00015920014017831724 
12.0
0.05555787037037037 0.00014385469824049592 
5.3
0.05984212962962963 0.00015523750488307528 
14.0
0.05510061728395062 0.0001426708116654264 
30.0
0.05401003086419753 0.00013879708395579196 
16.0
0.055125154320987656 0.00014284957041203321 
6.5
0.058431944444444446 0.00015171139255761327 
50.0
0.05394583333333333 0.00013729372383543243 
18.0
0.05499490740740741 0.00014149001938962709 
8.0
0.05715679012345679 0.0001475581359007623 
100.0
0.054595987654320985 0.00013839257524885795 
20.0
0.054793672839506175 0.00014137263918590813 
9.5
0.0565625 0.00014610260729123442 
150.0
0.05557716049382716 0.00014066432211911004 
200.0
0.05581404320987654 0.0001407196778375161 
