3.6
0.26850562031685704 0.00046530331065865773 
11.0
0.2551558507009946 0.0004903185262899421 
4.0
0.2713221654354129 0.00047554273064951135 
12.0
0.24957137413954544 0.00048711692511485815 
5.3
0.27091528402455545 0.00047914624917504384 
14.0
0.24162744455538715 0.00048227885224447133 
30.0
0.19711236304605584 0.0003906420887319191 
16.0
0.23333869626921558 0.00047148751754393954 
6.5
0.27041757867301286 0.00048622214027751185 
50.0
0.18412483494978107 0.00034046343822438077 
18.0
0.22490066668927264 0.0004577051584678383 
8.0
0.2668917674249263 0.0004889483297412442 
100.0
0.18093900197019552 0.0003135239363710482 
20.0
0.21617271174814987 0.00044298283832773657 
9.5
0.2618636285367614 0.0004914273552930813 
150.0
0.184713949689756 0.0003169337862329389 
200.0
0.18431041270356965 0.0003133791732774609 
