3.6
0.3403037938963762 0.0005414485293062113 
11.0
0.4621252737042573 0.0006462291391886172 
4.0
0.36103533224017675 0.0005648554499519421 
12.0
0.47520745031312567 0.0006527789663182722 
5.3
0.37737107033140255 0.0005837933391199524 
14.0
0.4967219027807194 0.0006529676447652042 
30.0
0.5940466276667176 0.0005627994209903249 
16.0
0.5150366175505919 0.0006509870676369859 
6.5
0.39493421582688093 0.0006016060774963293 
50.0
0.6276595247048548 0.0004703188959368454 
18.0
0.5331108996354136 0.0006431517215745418 
8.0
0.4186116470227645 0.0006224432356761532 
100.0
0.640206577134898 0.0003854340593964086 
20.0
0.5496542335195435 0.0006339895501900589 
9.5
0.4407684869283386 0.0006366110907550307 
150.0
0.6287814927109047 0.0003930515804638872 
200.0
0.6298462411139502 0.0003786133537075045 
