3.6
0.1737656887770015 0.00030842837152717954 
11.0
0.21600682923849984 0.00038283586215633823 
4.0
0.18157068659120068 0.00032410238762295776 
12.0
0.22095227588190394 0.0003914440160412799 
5.3
0.18789875542256926 0.00033643188220653747 
14.0
0.22713498588845152 0.00039797264690721315 
30.0
0.24404927522444278 0.00039620887573375965 
16.0
0.23242619421018781 0.00040108058860639106 
6.5
0.19384233672757858 0.0003481262321403365 
50.0
0.24437076342669634 0.00038750383916647105 
18.0
0.236735520665006 0.0004026114282122565 
8.0
0.20133902248539712 0.00036161107151132563 
100.0
0.23746333694523764 0.0003729618941528603 
20.0
0.24033354928857703 0.00040396909893470045 
9.5
0.20888913620591712 0.00037453198304000275 
150.0
0.22680349296363622 0.0003612743593819795 
200.0
0.22461933250423455 0.00035826300573722384 
