3.6
5.779955555555549 0.008311674005810288 
11.0
2.5779777777777713 0.007213703349998733 
4.0
5.006444444444446 0.008085536642978975 
12.0
2.279733333333338 0.007098373734998216 
5.3
4.653955555555559 0.007915623174584411 
14.0
2.812833333333332 0.006924463536973247 
30.0
1.322988888888889 0.0059083972238418506 
16.0
2.3486000000000047 0.006764021935988729 
6.5
4.109 0.007804131474695736 
50.0
0.940744444444446 0.005456136380453392 
18.0
1.6246555555555586 0.006538672584015534 
8.0
3.23965555555556 0.007576952569175296 
100.0
1.029811111111108 0.0051485113406484935 
20.0
1.8950888888888904 0.006351982014881834 
9.5
2.6283333333333334 0.007359067842449363 
150.0
0.5867555555555556 0.00514029098776953 
200.0
0.6358000000000031 0.005020075861330267 
