3.6
85.38300000000994 0.16148683475616546 
11.0
44.962200000005765 0.11910870164922693 
4.0
76.57848000000907 0.15231629272185665 
12.0
41.76684000000544 0.11346295100662954 
5.3
69.81696000000859 0.14772781448704558 
14.0
37.01988000000497 0.10767895202157214 
16.0
33.12000000000459 0.1023908471354618 
6.5
63.96156000000797 0.13828014735714744 
8.0
56.53008000000698 0.13307675124930013 
18.0
29.419560000004452 0.09619676421154107 
9.5
50.203800000006325 0.1276791412276264 
20.0
26.047800000004127 0.0908217460188454 
30.0
17.377200000002986 0.07507369741800354 
50.0
10.402560000002483 0.05918211886980295 
100.0
6.300000000001818 0.04871275178469972 
150.0
5.236200000001914 0.04681519672637667 
200.0
5.594040000001947 0.05207581467221906 
