3.6
0.022218518518518516 0.00023834292561615873 
11.0
0.020193518518518517 0.00021533034735294598 
4.0
0.02226512345679012 0.0002371394941973464 
12.0
0.02037037037037037 0.00022204929801017764 
5.3
0.020896296296296295 0.00022483796006866034 
14.0
0.02043611111111111 0.00021379126099684825 
16.0
0.020166049382716048 0.00021614575422213714 
6.5
0.020770679012345677 0.00021920026819276418 
8.0
0.020457098765432096 0.00022119307511107557 
18.0
0.020925617283950617 0.00022656673385506844 
9.5
0.020766049382716048 0.00021862460923137536 
20.0
0.020564197530864196 0.00022141116734033622 
30.0
0.02024753086419753 0.00021659015444142483 
50.0
0.020780864197530863 0.00022553240448821974 
100.0
0.021116666666666666 0.0002258644762515915 
150.0
0.020953086419753086 0.000224172129065828 
200.0
0.020528086419753084 0.00022141728919879654 
