3.6
0.09445603452055577 0.0006842528811453501 
11.0
0.09231699439000947 0.0006878658578948914 
4.0
0.0942946549449562 0.0006994522434763506 
12.0
0.08962124754741 0.0006769692679820893 
5.3
0.09434118343795983 0.0007069203514050973 
14.0
0.0892404262353344 0.000662392140900451 
16.0
0.08522128446137602 0.0006435200096444202 
6.5
0.0956580145450193 0.0007102292603555536 
8.0
0.09597071987162067 0.0007035178211926527 
18.0
0.0840696029429314 0.0006296663040190689 
9.5
0.09310972039640243 0.0006928607553012557 
20.0
0.0802598225145309 0.0006147357329503133 
30.0
0.07537190712592977 0.0005567874300723577 
50.0
0.07085849070962537 0.0005292988745996159 
100.0
0.06991917077229984 0.0005256550490486509 
150.0
0.0695320391878685 0.0005275874739815382 
200.0
0.06944691900183667 0.0005171638628504114 
