3.6
0.11729999494047044 0.0008708757212161912 
11.0
0.1623290052264173 0.00117578526772959 
4.0
0.12462361801417343 0.0009080929273686381 
12.0
0.16838752635237633 0.0012429832143858767 
5.3
0.13085579209144493 0.000955905232014333 
14.0
0.17635079513573151 0.001280246170783934 
16.0
0.18190703215274656 0.0013047685565663763 
6.5
0.1365787657700818 0.001004709026587985 
8.0
0.14530181329333844 0.0010617094813580596 
18.0
0.19264297463653068 0.0013649194031801395 
9.5
0.15528080670714242 0.0011256512569535917 
20.0
0.201795988349958 0.0014431682297340392 
30.0
0.23389465313843413 0.0016250869169490087 
50.0
0.2666672073329537 0.0018222133760552115 
100.0
0.3063484242355763 0.0019734386179288193 
150.0
0.32776183052980584 0.0020027024201934346 
200.0
0.3325385574297703 0.002002731535812264 
