3.6
0.05776039157603691 0.0004256995346643289 
11.0
0.06975514032888457 0.000503708504274016 
4.0
0.06093321735749165 0.0004441814684332536 
12.0
0.07051972991999717 0.0005174379029006764 
5.3
0.06311580557697544 0.0004645744241027479 
14.0
0.07129732507652466 0.0005285780449092387 
16.0
0.0725495212277655 0.0005395926486830607 
6.5
0.06419629079747155 0.000479466161612911 
8.0
0.0662429571454328 0.0004942837817607977 
18.0
0.07389694345405984 0.0005429612119744104 
9.5
0.0672936905510128 0.0004928623681810484 
20.0
0.07434311386089693 0.0005614866212422295 
30.0
0.07607309459571296 0.0005610952248675657 
50.0
0.0771165843334442 0.0005795180777552945 
100.0
0.07679546844999548 0.0005764527441082812 
150.0
0.0760205832835054 0.0005650229504559924 
200.0
0.07597308171412495 0.0005743863393667413 
