3.6
55.5056 0.09853332172974896 
11.0
29.6002 0.07700219386207068 
4.0
53.54 0.09392680367653196 
12.0
29.789 0.07455150827097394 
5.3
45.5594 0.09064158817839357 
14.0
27.195 0.07136226954562853 
16.0
23.0952 0.0684175678076687 
6.5
44.9786 0.08707252570671525 
8.0
34.5798 0.0833107107574133 
18.0
23.1202 0.06604500572000967 
9.5
33.763 0.08121308584866488 
20.0
23.3532 0.06380175612643403 
30.0
16.2718 0.05568882474105741 
50.0
14.1486 0.04913437132282306 
100.0
10.6242 0.04504798259797246 
150.0
7.7992 0.044278301521141476 
200.0
9.9442 0.04600957126652698 
