3.6
36.276479999996276 0.0748634191986522 
4.0
32.35301999999643 0.07040358623291285 
5.3
29.31083999999651 0.06829072127090864 
6.5
26.776259999996576 0.06473482448412049 
8.0
23.66549999999654 0.06092963988980668 
9.5
20.738339999996732 0.05738292328235183 
11.0
18.612719999996788 0.05414689842290816 
12.0
17.508239999996704 0.05264997637455389 
14.0
15.37793999999687 0.04968550090861447 
16.0
13.76567999999691 0.047157597454277216 
18.0
12.066659999996839 0.04449575745712245 
20.0
10.637639999996875 0.041416405625131256 
30.0
7.038179999997081 0.034356819815965604 
50.0
4.231619999997154 0.02813310442728338 
100.0
2.6180999999971393 0.02442908342553342 
150.0
1.989539999997158 0.02241680865268273 
200.0
1.7710199999971625 0.021673268997058986 
