3.6
0.03268472222222222 0.00024834711463919603 
4.0
0.031769791666666665 0.00024285850635510708 
5.3
0.0306625 0.00023446148346037285 
6.5
0.03003125 0.00023032273390265754 
8.0
0.029659374999999998 0.00022534175486546064 
9.5
0.029211458333333332 0.00022180107140648344 
11.0
0.02889513888888889 0.0002191900053997161 
12.0
0.028875 0.00021899160426474502 
14.0
0.028821180555555555 0.0002212294971251549 
16.0
0.028975347222222222 0.00022182480020412285 
18.0
0.028993055555555557 0.0002218431609648878 
20.0
0.029438194444444444 0.00022521886852755913 
30.0
0.029230208333333334 0.0002238651342959295 
50.0
0.029297569444444446 0.0002192820553363077 
100.0
0.029216319444444444 0.00022137839045571208 
150.0
0.029524652777777778 0.00022559188789324992 
200.0
0.02984548611111111 0.0002232701379143372 
