3.6
0.1393405887567356 0.0007252015483157287 
4.0
0.14000146663522092 0.0007320784216844552 
5.3
0.14059435115942323 0.0007425333460717116 
6.5
0.14214815272273876 0.0007427192241126097 
8.0
0.14081366425276987 0.0007371472648903948 
9.5
0.13871374941310982 0.0007346200105258626 
11.0
0.13759134446111093 0.0007299722524205899 
12.0
0.13500157990393347 0.0007188317492271758 
14.0
0.13197412184586071 0.0007075420851814528 
16.0
0.12641665746300598 0.0006764337884083574 
18.0
0.12332337733545405 0.0006701822817523326 
20.0
0.1211306165975343 0.000650230656683022 
30.0
0.11321199876788209 0.0006008871866698708 
50.0
0.10630376339311831 0.0005776511290009598 
100.0
0.10159615074778566 0.0005426144436046916 
150.0
0.10171729508820411 0.0005350886792263152 
200.0
0.10109059778582767 0.0005397180481052211 
