3.6
0.1748577503501963 0.0008892776633411442 
4.0
0.18666391213937392 0.0009479654249848142 
5.3
0.19619584258482253 0.000984007122751197 
6.5
0.2040297402446368 0.0010367324061563291 
8.0
0.21453700408960652 0.0010857864933494004 
9.5
0.2298793752920701 0.0011576607936913676 
11.0
0.24055530727778546 0.001197887732442049 
12.0
0.24806128506819933 0.0012301300453578486 
14.0
0.25856357754750037 0.001284612029498617 
16.0
0.27211168003224845 0.0013322575587299229 
18.0
0.2849328322456111 0.001379602615853955 
20.0
0.298514132584553 0.0014258934551547406 
30.0
0.3344327368896143 0.0015352221115719122 
50.0
0.3884512254424212 0.0016441900615361208 
100.0
0.44021279432590177 0.001614721665469911 
150.0
0.4582420477424578 0.0015535839218037404 
200.0
0.4692817681429764 0.0014848358093937294 
