3.6
0.0879705207580498 0.0004652847788165003 
4.0
0.09180992664614607 0.00048507795303442546 
5.3
0.09488332988510442 0.0004973747021777505 
6.5
0.09645880042381719 0.000509532904852188 
8.0
0.09933245665293128 0.0005178788390982074 
9.5
0.10159558735320583 0.0005277405463650609 
11.0
0.10369455411517982 0.0005456489706772809 
12.0
0.10512032609492447 0.0005541631930020543 
14.0
0.10763296354884559 0.0005606860235372402 
16.0
0.10833629107390565 0.0005737875194810593 
18.0
0.10984054228222076 0.0005797194288513057 
20.0
0.11145326375714494 0.000593610741686743 
30.0
0.11375171578405846 0.000602384051919037 
50.0
0.11955812067623083 0.0006364845853741084 
100.0
0.12099808939825792 0.0006311641516232954 
150.0
0.12119595080763838 0.0006288969255549531 
200.0
0.11895206583862285 0.0006136347041062113 
