3.6
27.5267 0.04701967456267215 
4.0
22.765 0.04507194968120201 
5.3
20.4822 0.04420253049736221 
6.5
19.3897 0.04286860346123106 
8.0
17.9761 0.04092603539358905 
9.5
16.1306 0.039058506380711344 
11.0
15.385 0.03781746310967468 
12.0
15.1874 0.037373356830502635 
14.0
12.5315 0.03601083799421092 
16.0
11.6714 0.03465432579389798 
18.0
8.8013 0.0333745893955526 
20.0
10.0179 0.0318334618904321 
30.0
7.8375 0.02900764587745678 
50.0
4.6089 0.026283895512582065 
100.0
5.0483 0.025011382767188076 
150.0
6.5819 0.024121721015352003 
200.0
3.4022 0.024005856454507334 
