3.6
2.8033664516142798 0.0056167131794664545 
4.0
2.4242516129045817 0.0052837529841653135 
5.3
2.1333251612916784 0.005017163481597857 
6.5
1.8762967741949188 0.004782635864997538 
8.0
1.567219354840073 0.00445102563842321 
9.5
1.30171354838846 0.004143948292906807 
11.0
1.0850864516142595 0.003858453715559491 
12.0
0.9784219354852275 0.0037102170922490795 
14.0
0.7862516129046253 0.003398348452690171 
16.0
0.6302670967755509 0.0031122550305751812 
18.0
0.49847225806588097 0.0028247651271927875 
20.0
0.3802296774207055 0.002504995620193506 
30.0
0.12994838709813192 0.001532914953393773 
50.0
0.02832387096909231 0.0007302888173704029 
100.0
0.014562580646518495 0.0005454195018484977 
150.0
0.019625806452969897 0.0005916418381422504 
200.0
0.021030967743292345 0.0006247115044413223 
