3.6
0.09201854838709678 0.00019116858192570516 
4.0
0.08814596774193548 0.0001845872413958806 
5.3
0.08519092741935484 0.00017833531224614165 
6.5
0.08286915322580646 0.00017345371772600301 
8.0
0.08079657258064517 0.00016839610400950987 
9.5
0.07958649193548387 0.0001650298972137336 
11.0
0.0777554435483871 0.0001602547906420028 
12.0
0.07734032258064516 0.00015909242005992494 
14.0
0.07648689516129033 0.00015637000772475976 
16.0
0.0755421370967742 0.00015313145334184186 
18.0
0.07573286290322581 0.00015316497583903267 
20.0
0.07534092741935484 0.0001511937330306648 
30.0
0.0754391129032258 0.0001484764389900311 
50.0
0.07679516129032259 0.0001497234576754683 
100.0
0.07937661290322581 0.00015347299380236802 
150.0
0.08049274193548388 0.00015537358463916376 
200.0
0.08161955645161291 0.00015739779454908339 
