3.6
0.34470415767781004 0.00042558163263270427 
4.0
0.34913663489345154 0.00042339932064664035 
5.3
0.3526457790742196 0.00042303439669287763 
6.5
0.35411162948187835 0.0004178193421609586 
8.0
0.3571006248176844 0.0004125163655411238 
9.5
0.36003677916692767 0.00040753496538791325 
11.0
0.36187151634798215 0.0004024611704202161 
12.0
0.3634928876826614 0.0004010109651185916 
14.0
0.3641196138884042 0.00039630561576588447 
16.0
0.3653922183388554 0.00039162952285690106 
18.0
0.36518644418269475 0.0003866331230013234 
20.0
0.36543851121003346 0.00038443598186246576 
30.0
0.36581127223817206 0.0003810197332847495 
50.0
0.36715583063966684 0.0003824628079074109 
100.0
0.3641537040349639 0.00038756464702474966 
150.0
0.36259837465254363 0.0003904228327393501 
200.0
0.3610095961460991 0.00039184634347214683 
