3.6
0.4972266152971318 0.0005287875492919257 
4.0
0.5246920411046609 0.0005348885245816675 
5.3
0.5473625595677886 0.0005374114789463349 
6.5
0.5684330899561495 0.0005377231438906669 
8.0
0.5952795535342235 0.0005291223822982328 
9.5
0.6184638289085663 0.0005153229715572465 
11.0
0.6373552034607708 0.0004981200380098807 
12.0
0.6468628042160901 0.0004867102131246939 
14.0
0.6624232892041634 0.0004639831003136848 
16.0
0.6747864957350687 0.0004401999677834378 
18.0
0.6825043781446297 0.00041619348436970757 
20.0
0.6890714439551915 0.0003917656838218431 
30.0
0.6990577346244419 0.0003388810475454294 
50.0
0.7041876000550674 0.00030259178555403995 
100.0
0.6943453946357036 0.00030001042714094346 
150.0
0.6866594404840083 0.00030622909725193126 
200.0
0.682873933808696 0.0003098114276064814 
