3.6
0.27600655494445975 0.00037780014942904826 
4.0
0.2917572039426533 0.0003939652552994248 
5.3
0.3050186942106588 0.00040410571718892775 
6.5
0.3164444729017852 0.00041277525472817566 
8.0
0.3299576404205956 0.0004168112421188665 
9.5
0.33911289312073173 0.0004186371497413009 
11.0
0.3465195823752694 0.0004169577384504416 
12.0
0.34955475554042553 0.0004151149717048608 
14.0
0.35409803373374255 0.00041217281938834324 
16.0
0.3567470537663276 0.0004093757919654983 
18.0
0.3558127465024755 0.00040409882564297275 
20.0
0.3544124477024942 0.000399852999487824 
30.0
0.3458013604747422 0.0003938245978705565 
50.0
0.339039278111546 0.00038494902634004016 
100.0
0.32196641529108966 0.00037380343134891066 
150.0
0.3122148101190964 0.0003672126355464423 
200.0
0.3069354994591619 0.00036321643773071184 
