3.6
2.566954838709679 0.004537521557144849 
4.0
2.5674129032258053 0.004497382059976764 
5.3
2.29923870967742 0.004439665568245535 
6.5
1.790909677419354 0.004414899658494406 
8.0
1.7354322580645167 0.004320319733210569 
9.5
1.6833870967741933 0.004220127321039926 
11.0
1.630445161290323 0.004122715003098683 
12.0
1.113174193548386 0.004072985141135805 
14.0
1.1860516129032275 0.003950588190278077 
16.0
1.3938129032258078 0.003830875413217188 
18.0
1.0540064516129022 0.003728324137877311 
20.0
0.7708580645161299 0.0036278879053267595 
30.0
0.7119806451612902 0.003396290566799397 
50.0
0.9131161290322595 0.003250485771270756 
100.0
0.6911290322580633 0.0031929975377300726 
150.0
0.5865161290322588 0.0031507544025671705 
200.0
0.6669354838709692 0.003145811971630288 
